时间	设备名称	加速度X(g)	加速度Y(g)	加速度Z(g)	角速度X(°/s)	角速度Y(°/s)	角速度Z(°/s)	角度X(°)	角度Y(°)	角度Z(°)	磁场X(uT)	磁场Y(uT)	磁场Z(uT)	四元数0()	四元数1()	四元数2()	四元数3()	温度(°C)	版本号()	电量(%)
2024-1-16 20:42:9:954	WT901BLE67(D1376ACA69A3)	0.733	0.384	0.546	-4.089	0.854	0.427	34.93	-48.10	-34.67	-126.375	65.983	11.725	-0.86862	-0.14520	0.45367	0.13586	24.4	10080.1.7	100
2024-1-16 20:42:10:10	WT901BLE67(D1376ACA69A3)	0.707	0.379	0.563	-7.202	0.916	-1.099	34.26	-47.98	-34.55	-126.375	65.983	11.725	-0.86862	-0.14520	0.45367	0.13586	24.4	10080.1.7	100
2024-1-16 20:42:10:132	WT901BLE67(D1376ACA69A3)	0.734	0.393	0.554	-16.602	-0.977	-0.793	33.01	-47.92	-34.74	-126.375	65.983	11.725	-0.86993	-0.13699	0.44989	0.14819	24.4	10080.1.7	100
2024-1-16 20:42:10:222	WT901BLE67(D1376ACA69A3)	0.692	0.397	0.578	-12.390	5.310	5.798	31.18	-47.76	-34.15	-126.375	65.983	11.725	-0.86993	-0.13699	0.44989	0.14819	24.4	10080.1.7	100
2024-1-16 20:42:10:342	WT901BLE67(D1376ACA69A3)	0.721	0.399	0.563	-2.136	9.949	20.874	28.88	-47.86	-31.86	-126.375	68.975	11.717	-0.86993	-0.13699	0.44989	0.14819	24.4	10080.1.7	100
2024-1-16 20:42:10:431	WT901BLE67(D1376ACA69A3)	0.706	0.322	0.578	-1.343	13.062	21.729	26.15	-47.74	-28.16	-126.375	68.975	11.717	-0.86993	-0.13699	0.44989	0.14819	24.4	10080.1.7	100
2024-1-16 20:42:10:567	WT901BLE67(D1376ACA69A3)	0.749	0.268	0.620	-2.563	14.038	20.813	23.44	-47.33	-24.80	-126.375	68.975	11.717	-0.88913	-0.10193	0.42914	0.12170	24.4	10080.1.7	100
2024-1-16 20:42:10:613	WT901BLE67(D1376ACA69A3)	0.752	0.206	0.653	-4.089	10.986	14.587	21.00	-46.79	-21.82	-126.375	68.975	11.717	-0.88913	-0.10193	0.42914	0.12170	24.4	10080.1.7	100
2024-1-16 20:42:10:732	WT901BLE67(D1376ACA69A3)	0.729	0.235	0.646	-2.869	7.507	10.925	19.05	-46.39	-19.67	-120.400	74.867	7.933	-0.88913	-0.10193	0.42914	0.12170	24.4	10080.1.7	100
2024-1-16 20:42:10:821	WT901BLE67(D1376ACA69A3)	0.746	0.187	0.659	0.427	4.089	9.521	17.81	-46.24	-17.96	-120.400	74.867	7.933	-0.88913	-0.10193	0.42914	0.12170	24.4	10080.1.7	100
2024-1-16 20:42:10:942	WT901BLE67(D1376ACA69A3)	0.759	0.172	0.661	-0.244	0.305	4.333	17.12	-46.25	-17.01	-120.400	74.867	7.933	-0.90738	-0.07944	0.40482	0.07977	24.4	10080.1.7	100
2024-1-16 20:42:11:29	WT901BLE67(D1376ACA69A3)	0.747	0.189	0.665	-2.258	-4.944	-4.456	17.08	-46.51	-17.19	-120.400	74.867	7.933	-0.90738	-0.07944	0.40482	0.07977	24.4	10080.1.7	100
2024-1-16 20:42:11:151	WT901BLE67(D1376ACA69A3)	0.754	0.214	0.650	2.869	-10.925	-8.789	18.09	-47.16	-18.54	-117.917	76.900	7.617	-0.90738	-0.07944	0.40482	0.07977	24.4	10080.1.7	100
2024-1-16 20:42:11:240	WT901BLE67(D1376ACA69A3)	0.729	0.213	0.643	4.089	-13.184	-12.268	19.98	-47.93	-20.58	-117.917	76.900	7.617	-0.90738	-0.07944	0.40482	0.07977	24.4	10080.1.7	100
2024-1-16 20:42:11:364	WT901BLE67(D1376ACA69A3)	0.697	0.211	0.621	-5.127	-16.296	-19.836	22.23	-48.76	-23.49	-117.917	76.900	7.617	-0.89514	-0.08725	0.42639	0.09598	24.4	10080.1.7	100
2024-1-16 20:42:11:423	WT901BLE67(D1376ACA69A3)	0.636	0.378	0.578	-14.404	-15.076	-26.855	24.39	-49.21	-27.85	-117.917	76.900	7.617	-0.89514	-0.08725	0.42639	0.09598	24.4	10080.1.7	100
2024-1-16 20:42:11:542	WT901BLE67(D1376ACA69A3)	0.689	0.413	0.584	-8.789	-1.404	-7.019	25.57	-49.13	-30.85	-124.333	73.450	10.642	-0.89514	-0.08725	0.42639	0.09598	24.4	10080.1.7	100
2024-1-16 20:42:11:632	WT901BLE67(D1376ACA69A3)	0.650	0.418	0.570	0.000	4.883	15.564	24.83	-48.86	-30.43	-124.333	73.450	10.642	-0.89514	-0.08725	0.42639	0.09598	24.4	10080.1.7	100
2024-1-16 20:42:11:769	WT901BLE67(D1376ACA69A3)	0.704	0.392	0.573	1.953	8.911	28.320	22.67	-48.96	-27.17	-124.333	73.450	10.642	-0.88275	-0.08157	0.43991	0.14294	24.4	10080.1.7	100
2024-1-16 20:42:11:841	WT901BLE67(D1376ACA69A3)	1.011	0.411	0.601	1.709	14.160	34.363	19.36	-48.82	-22.35	-124.333	73.450	10.642	-0.88275	-0.08157	0.43991	0.14294	24.4	10080.1.7	100
2024-1-16 20:42:11:959	WT901BLE67(D1376ACA69A3)	0.714	0.250	0.651	16.418	13.428	55.786	15.21	-48.47	-15.76	-121.900	75.675	9.725	-0.88275	-0.08157	0.43991	0.14294	24.4	10080.1.7	100
2024-1-16 20:42:12:21	WT901BLE67(D1376ACA69A3)	0.622	0.049	0.693	33.569	5.127	63.782	11.96	-49.78	-8.49	-121.900	75.675	9.725	-0.88275	-0.08157	0.43991	0.14294	24.4	10080.1.7	100
2024-1-16 20:42:12:141	WT901BLE67(D1376ACA69A3)	0.704	-0.132	0.645	34.058	11.780	66.223	7.65	-50.04	1.88	-121.900	75.675	9.725	-0.90353	-0.06546	0.42328	-0.00931	24.4	10080.1.7	100
2024-1-16 20:42:12:232	WT901BLE67(D1376ACA69A3)	0.770	-0.089	0.716	21.118	11.353	44.373	3.29	-49.13	11.06	-121.900	75.675	9.725	-0.90353	-0.06546	0.42328	-0.00931	24.4	10080.1.7	100
2024-1-16 20:42:12:373	WT901BLE67(D1376ACA69A3)	0.695	-0.014	0.676	28.870	3.296	45.044	0.60	-48.42	17.50	-106.900	76.475	2.375	-0.90353	-0.06546	0.42328	-0.00931	24.4	10080.1.7	100
2024-1-16 20:42:12:474	WT901BLE67(D1376ACA69A3)	0.749	-0.104	0.709	32.166	0.671	45.593	-1.67	-48.13	24.91	-106.900	76.475	2.375	-0.90353	-0.06546	0.42328	-0.00931	24.4	10080.1.7	100
2024-1-16 20:42:12:569	WT901BLE67(D1376ACA69A3)	0.764	-0.134	0.695	26.184	-3.418	31.372	-3.03	-48.02	30.67	-106.900	76.475	2.375	-0.88943	-0.07797	0.39993	-0.20688	24.4	10080.1.7	100
2024-1-16 20:42:12:672	WT901BLE67(D1376ACA69A3)	0.724	-0.153	0.681	15.625	-12.146	16.785	-3.90	-48.58	34.70	-106.900	76.475	2.375	-0.88943	-0.07797	0.39993	-0.20688	24.4	10080.1.7	100
2024-1-16 20:42:12:772	WT901BLE67(D1376ACA69A3)	0.769	-0.067	0.650	7.935	-15.320	-1.709	-3.87	-49.97	35.90	-100.708	70.867	-2.250	-0.88943	-0.07797	0.39993	-0.20688	24.4	10080.1.7	100
2024-1-16 20:42:12:832	WT901BLE67(D1376ACA69A3)	0.726	-0.097	0.613	13.184	-15.930	7.019	-3.36	-51.43	36.60	-100.708	70.867	-2.250	-0.88943	-0.07797	0.39993	-0.20688	24.4	10080.1.7	100
2024-1-16 20:42:12:970	WT901BLE67(D1376ACA69A3)	0.688	-0.111	0.622	4.089	-11.597	1.953	-3.44	-52.77	37.73	-100.708	70.867	-2.250	-0.85440	-0.11588	0.42529	-0.27493	24.4	10080.1.7	100
2024-1-16 20:42:13:42	WT901BLE67(D1376ACA69A3)	0.718	0.005	0.608	10.132	0.000	-1.648	-3.04	-53.23	37.80	-100.708	70.867	-2.250	-0.85440	-0.11588	0.42529	-0.27493	24.4	10080.1.7	100
2024-1-16 20:42:13:172	WT901BLE67(D1376ACA69A3)	0.854	-0.088	0.629	17.761	11.169	-8.667	-0.85	-52.42	37.06	-104.833	67.417	-1.908	-0.85440	-0.11588	0.42529	-0.27493	24.4	10080.1.7	100
2024-1-16 20:42:13:273	WT901BLE67(D1376ACA69A3)	0.751	-0.099	0.631	-0.305	14.160	-30.884	2.22	-50.75	34.23	-104.833	67.417	-1.908	-0.85440	-0.11588	0.42529	-0.27493	24.4	10080.1.7	100
2024-1-16 20:42:13:371	WT901BLE67(D1376ACA69A3)	0.902	0.076	0.597	-9.583	2.991	-47.974	6.06	-49.81	28.30	-104.833	67.417	-1.908	-0.86572	-0.14502	0.39981	-0.26367	24.4	10080.1.7	100
2024-1-16 20:42:13:433	WT901BLE67(D1376ACA69A3)	0.686	0.143	0.542	-15.869	-13.672	-54.260	10.53	-49.38	20.52	-104.833	67.417	-1.908	-0.86572	-0.14502	0.39981	-0.26367	24.4	10080.1.7	100
2024-1-16 20:42:13:572	WT901BLE67(D1376ACA69A3)	0.560	0.332	0.775	-11.047	-2.136	-43.518	15.33	-49.82	12.76	-106.292	62.883	-3.100	-0.86572	-0.14502	0.39981	-0.26367	24.4	10080.1.7	100
2024-1-16 20:42:13:642	WT901BLE67(D1376ACA69A3)	0.662	0.324	0.660	-4.028	3.479	-8.240	17.84	-49.16	8.24	-106.292	62.883	-3.100	-0.86572	-0.14502	0.39981	-0.26367	24.4	10080.1.7	100
2024-1-16 20:42:13:771	WT901BLE67(D1376ACA69A3)	0.745	0.332	0.637	3.296	16.113	12.695	17.37	-47.87	8.84	-106.292	62.883	-3.100	-0.89413	-0.16953	0.39420	-0.12769	24.4	10080.1.7	100
2024-1-16 20:42:13:872	WT901BLE67(D1376ACA69A3)	0.720	0.327	0.683	5.798	11.475	18.921	15.81	-46.86	11.78	-106.292	62.883	-3.100	-0.89413	-0.16953	0.39420	-0.12769	24.4	10080.1.7	100
2024-1-16 20:42:13:973	WT901BLE67(D1376ACA69A3)	0.713	0.297	0.668	4.333	6.531	16.174	14.64	-46.46	14.36	-106.292	62.883	-3.100	-0.89413	-0.16953	0.39420	-0.12769	24.4	10080.1.7	100
2024-1-16 20:42:14:123	WT901BLE67(D1376ACA69A3)	0.780	0.146	0.645	5.554	0.610	18.677	13.62	-46.55	16.85	-104.642	62.950	-2.433	-0.89413	-0.16953	0.39420	-0.12769	24.4	10080.1.7	100
2024-1-16 20:42:14:183	WT901BLE67(D1376ACA69A3)	0.888	0.139	0.685	1.099	2.075	20.325	11.99	-46.79	19.41	-104.642	62.950	-2.433	-0.89328	-0.16257	0.37299	-0.19077	24.4	10080.1.7	100
2024-1-16 20:42:14:243	WT901BLE67(D1376ACA69A3)	0.629	0.039	0.625	9.705	-16.602	24.170	10.46	-47.92	21.97	-104.642	62.950	-2.433	-0.89328	-0.16257	0.37299	-0.19077	24.4	10080.1.7	100
2024-1-16 20:42:14:372	WT901BLE67(D1376ACA69A3)	0.534	-0.140	0.713	7.874	-2.441	22.095	8.75	-49.60	25.77	-104.642	62.950	-2.433	-0.89328	-0.16257	0.37299	-0.19077	24.4	10080.1.7	100
2024-1-16 20:42:14:474	WT901BLE67(D1376ACA69A3)	1.065	-0.044	0.653	-2.075	10.803	1.221	7.05	-49.19	28.04	-104.592	61.592	-4.808	-0.89328	-0.16257	0.37299	-0.19077	24.4	10080.1.7	100
2024-1-16 20:42:14:573	WT901BLE67(D1376ACA69A3)	0.578	0.109	0.772	-12.817	16.113	-19.592	6.94	-47.26	27.12	-104.592	61.592	-4.808	-0.89328	-0.16257	0.37299	-0.19077	24.4	10080.1.7	100
2024-1-16 20:42:14:675	WT901BLE67(D1376ACA69A3)	0.755	0.064	0.625	9.949	-0.366	6.165	7.53	-47.61	26.85	-104.592	61.592	-4.808	-0.87946	-0.15039	0.38058	-0.24283	24.4	10080.1.7	100
2024-1-16 20:42:14:784	WT901BLE67(D1376ACA69A3)	0.787	0.100	0.687	4.456	-5.127	-0.549	7.96	-47.74	27.04	-104.592	61.592	-4.808	-0.87946	-0.15039	0.38058	-0.24283	24.4	10080.1.7	100
2024-1-16 20:42:14:843	WT901BLE67(D1376ACA69A3)	0.748	0.130	0.647	11.658	-8.911	7.324	8.37	-48.46	27.53	-102.933	61.275	-5.225	-0.87946	-0.15039	0.38058	-0.24283	24.4	10080.1.7	100
2024-1-16 20:42:14:970	WT901BLE67(D1376ACA69A3)	0.732	0.136	0.657	20.142	-8.972	15.686	9.00	-49.57	28.79	-102.933	61.275	-5.225	-0.87946	-0.15039	0.38058	-0.24283	24.4	10080.1.7	100
2024-1-16 20:42:15:71	WT901BLE67(D1376ACA69A3)	0.778	0.055	0.634	20.203	-5.920	17.334	9.17	-50.59	31.46	-102.933	61.275	-5.225	-0.87027	-0.17047	0.38617	-0.25360	24.4	10080.1.7	100
2024-1-16 20:42:15:177	WT901BLE67(D1376ACA69A3)	0.782	0.059	0.622	8.484	-3.723	7.019	9.16	-51.15	33.18	-102.933	61.275	-5.225	-0.87027	-0.17047	0.38617	-0.25360	24.4	10080.1.7	100
2024-1-16 20:42:15:259	WT901BLE67(D1376ACA69A3)	0.783	0.089	0.608	2.808	-5.005	2.319	9.20	-51.65	33.74	-104.992	56.758	-5.317	-0.87027	-0.17047	0.38617	-0.25360	24.4	10080.1.7	100
2024-1-16 20:42:15:383	WT901BLE67(D1376ACA69A3)	0.789	0.075	0.595	-2.258	-5.554	-1.038	9.18	-52.17	33.74	-104.992	56.758	-5.317	-0.87027	-0.17047	0.38617	-0.25360	24.4	10080.1.7	100
2024-1-16 20:42:15:475	WT901BLE67(D1376ACA69A3)	0.707	0.124	0.636	-7.996	-3.052	-7.996	9.17	-52.42	32.93	-104.992	56.758	-5.317	-0.84695	-0.19604	0.39700	-0.29416	24.4	10080.1.7	100
2024-1-16 20:42:15:589	WT901BLE67(D1376ACA69A3)	0.788	0.175	0.583	2.441	4.456	-5.127	9.87	-52.20	31.73	-104.992	56.758	-5.317	-0.84695	-0.19604	0.39700	-0.29416	24.4	10080.1.7	100
2024-1-16 20:42:15:674	WT901BLE67(D1376ACA69A3)	0.813	0.071	0.615	-2.014	8.179	-8.667	10.67	-51.23	30.92	-106.400	56.642	-4.592	-0.84695	-0.19604	0.39700	-0.29416	24.4	10080.1.7	100
2024-1-16 20:42:15:774	WT901BLE67(D1376ACA69A3)	0.791	0.090	0.627	-12.390	6.714	-12.268	10.96	-50.25	29.40	-106.400	56.642	-4.592	-0.84695	-0.19604	0.39700	-0.29416	24.4	10080.1.7	100
2024-1-16 20:42:15:872	WT901BLE67(D1376ACA69A3)	0.755	0.110	0.636	-15.625	2.625	-15.320	11.04	-49.66	27.48	-106.400	56.642	-4.592	-0.86032	-0.19196	0.38739	-0.26978	24.4	10080.1.7	100
2024-1-16 20:42:15:985	WT901BLE67(D1376ACA69A3)	0.645	0.179	0.716	-14.832	-0.732	-13.489	11.27	-49.55	25.23	-106.400	56.642	-4.592	-0.86032	-0.19196	0.38739	-0.26978	24.4	10080.1.7	100
2024-1-16 20:42:16:76	WT901BLE67(D1376ACA69A3)	0.776	0.199	0.464	-3.723	-7.263	-8.545	11.51	-49.87	23.73	-105.650	57.858	-5.500	-0.86032	-0.19196	0.38739	-0.26978	24.4	10080.1.7	100
2024-1-16 20:42:16:192	WT901BLE67(D1376ACA69A3)	0.828	0.129	0.666	3.601	-8.606	-2.686	12.32	-50.22	22.84	-105.650	57.858	-5.500	-0.86032	-0.19196	0.38739	-0.26978	24.4	10080.1.7	100
2024-1-16 20:42:16:269	WT901BLE67(D1376ACA69A3)	0.967	0.132	0.620	-5.737	-23.926	-2.747	12.58	-51.88	22.02	-105.650	57.858	-5.500	-0.87424	-0.17703	0.39279	-0.22354	24.4	10080.1.7	100
2024-1-16 20:42:16:372	WT901BLE67(D1376ACA69A3)	0.473	0.185	0.517	1.465	-35.156	-0.488	13.23	-54.66	21.08	-105.650	57.858	-5.500	-0.87424	-0.17703	0.39279	-0.22354	24.4	10080.1.7	100
2024-1-16 20:42:16:460	WT901BLE67(D1376ACA69A3)	0.499	-0.040	0.273	11.902	-65.186	6.042	15.94	-60.24	19.07	-110.000	58.742	-3.642	-0.87424	-0.17703	0.39279	-0.22354	24.4	10080.1.7	100
2024-1-16 20:42:16:610	WT901BLE67(D1376ACA69A3)	1.093	0.076	0.331	2.625	-42.053	-8.301	19.39	-64.39	15.25	-110.000	58.742	-3.642	-0.81610	-0.20993	0.49948	-0.20071	24.4	10080.1.7	100
2024-1-16 20:42:16:673	WT901BLE67(D1376ACA69A3)	1.373	0.175	0.523	-5.127	-15.137	-13.672	22.19	-65.67	11.80	-110.000	58.742	-3.642	-0.81610	-0.20993	0.49948	-0.20071	24.4	10080.1.7	100
2024-1-16 20:42:16:791	WT901BLE67(D1376ACA69A3)	1.674	0.282	0.749	-20.142	22.583	-14.465	24.16	-65.03	8.18	-110.000	58.742	-3.642	-0.81610	-0.20993	0.49948	-0.20071	24.4	10080.1.7	100
2024-1-16 20:42:16:882	WT901BLE67(D1376ACA69A3)	1.468	0.374	0.961	-18.250	85.938	0.122	19.17	-59.74	11.56	-125.058	57.525	3.925	-0.81610	-0.20993	0.49948	-0.20071	24.4	10080.1.7	100
2024-1-16 20:42:17:19	WT901BLE67(D1376ACA69A3)	0.062	0.337	0.653	-8.423	66.101	5.371	14.60	-52.99	15.40	-125.058	57.525	3.925	-0.86646	-0.17590	0.43393	-0.17291	24.4	10080.1.7	100
2024-1-16 20:42:17:76	WT901BLE67(D1376ACA69A3)	0.050	0.024	-0.328	17.883	-202.209	-44.189	18.01	-57.31	13.33	-125.058	57.525	3.925	-0.86646	-0.17590	0.43393	-0.17291	24.4	10080.1.7	100
2024-1-16 20:42:17:179	WT901BLE67(D1376ACA69A3)	-0.246	-0.029	0.065	-35.522	-88.501	-53.406	80.63	-73.58	-49.37	-125.058	57.525	3.925	-0.86646	-0.17590	0.43393	-0.17291	24.4	10080.1.7	100
2024-1-16 20:42:17:274	WT901BLE67(D1376ACA69A3)	1.219	-0.263	0.208	49.744	316.528	34.363	24.35	-60.60	0.56	-136.525	48.042	81.517	-0.86646	-0.17590	0.43393	-0.17291	24.4	10080.1.7	100
2024-1-16 20:42:17:390	WT901BLE67(D1376ACA69A3)	1.400	0.041	1.659	-68.481	566.772	-93.506	27.41	-57.28	-0.75	-136.525	48.042	81.517	-0.86646	-0.17590	0.43393	-0.17291	24.4	10080.1.7	100
2024-1-16 20:42:17:478	WT901BLE67(D1376ACA69A3)	1.020	-0.117	-0.188	4.822	-118.530	27.893	2.73	-68.86	26.39	-136.525	48.042	81.517	-0.84018	-0.20831	0.48889	-0.10770	24.4	10080.1.7	100
2024-1-16 20:42:17:599	WT901BLE67(D1376ACA69A3)	1.496	0.077	0.461	-8.911	28.320	-82.031	2.32	-74.18	25.25	-136.525	48.042	81.517	-0.84018	-0.20831	0.48889	-0.10770	24.4	10080.1.7	100
2024-1-16 20:42:17:671	WT901BLE67(D1376ACA69A3)	1.288	-0.005	0.795	-7.996	70.129	1.404	8.36	-69.55	18.19	-123.600	91.900	10.333	-0.84018	-0.20831	0.48889	-0.10770	24.4	10080.1.7	100
2024-1-16 20:42:17:778	WT901BLE67(D1376ACA69A3)	0.125	0.093	0.536	-4.578	89.478	4.028	5.02	-61.55	20.93	-123.600	91.900	10.333	-0.84018	-0.20831	0.48889	-0.10770	24.4	10080.1.7	100
2024-1-16 20:42:17:868	WT901BLE67(D1376ACA69A3)	0.038	0.045	-0.192	1.038	-15.564	-40.466	5.32	-57.42	20.52	-123.600	91.900	10.333	-0.83206	-0.13370	0.50879	-0.17557	24.4	10080.1.7	100
2024-1-16 20:42:17:989	WT901BLE67(D1376ACA69A3)	0.230	-0.050	-0.091	-20.081	-5.615	4.395	28.58	-69.52	-5.61	-123.600	91.900	10.333	-0.83206	-0.13370	0.50879	-0.17557	24.4	10080.1.7	100
2024-1-16 20:42:18:78	WT901BLE67(D1376ACA69A3)	0.250	0.056	0.117	-6.470	186.707	-7.202	16.18	-64.66	6.40	-149.967	66.975	40.583	-0.83206	-0.13370	0.50879	-0.17557	24.4	10080.1.7	100
2024-1-16 20:42:18:203	WT901BLE67(D1376ACA69A3)	1.004	-0.333	2.707	-80.383	-135.559	-81.726	21.41	-60.60	0.72	-149.967	66.975	40.583	-0.83206	-0.13370	0.50879	-0.17557	24.4	10080.1.7	100
2024-1-16 20:42:18:290	WT901BLE67(D1376ACA69A3)	0.610	0.015	1.023	12.634	43.945	40.222	25.08	-64.39	-4.72	-149.967	66.975	40.583	-0.84985	-0.16403	0.48962	-0.10474	24.4	10080.1.7	100
2024-1-16 20:42:18:410	WT901BLE67(D1376ACA69A3)	0.215	0.195	-0.119	9.827	-9.460	0.000	26.01	-65.76	-5.22	-149.967	66.975	40.583	-0.84985	-0.16403	0.48962	-0.10474	24.4	10080.1.7	100
2024-1-16 20:42:18:472	WT901BLE67(D1376ACA69A3)	1.410	-0.012	0.180	2.441	18.311	3.723	26.80	-66.12	-4.53	-149.950	66.400	-8.658	-0.84985	-0.16403	0.48962	-0.10474	24.4	10080.1.7	100
2024-1-16 20:42:18:592	WT901BLE67(D1376ACA69A3)	1.507	0.438	1.945	-33.813	83.496	-14.587	24.85	-63.26	-3.66	-149.950	66.400	-8.658	-0.84985	-0.16403	0.48962	-0.10474	24.4	10080.1.7	100
2024-1-16 20:42:18:684	WT901BLE67(D1376ACA69A3)	0.240	0.240	1.340	-36.377	73.792	-11.047	19.00	-56.11	0.62	-149.950	66.400	-8.658	-0.82883	-0.17020	0.52563	-0.08749	24.4	10080.1.7	100
2024-1-16 20:42:18:803	WT901BLE67(D1376ACA69A3)	0.078	0.161	-0.133	12.573	-61.035	-37.903	17.70	-53.49	1.37	-149.950	66.400	-8.658	-0.82883	-0.17020	0.52563	-0.08749	24.4	10080.1.7	100
2024-1-16 20:42:18:892	WT901BLE67(D1376ACA69A3)	-0.091	0.029	0.159	-69.580	-18.066	-13.977	72.21	-69.76	-49.83	-144.267	67.650	-16.942	-0.82883	-0.17020	0.52563	-0.08749	24.4	10080.1.7	100
2024-1-16 20:42:19:9	WT901BLE67(D1376ACA69A3)	3.545	-0.289	0.241	153.503	286.743	24.963	34.83	-61.01	-21.59	-144.267	67.650	-16.942	-0.82883	-0.17020	0.52563	-0.08749	24.4	10080.1.7	100
2024-1-16 20:42:19:72	WT901BLE67(D1376ACA69A3)	1.681	0.647	1.674	26.184	84.412	753.906	22.99	-59.05	-3.93	-144.267	67.650	-16.942	-0.83594	-0.16257	0.52405	0.00473	24.4	10080.1.7	100
2024-1-16 20:42:19:189	WT901BLE67(D1376ACA69A3)	0.639	0.282	-0.292	41.992	-85.388	-122.559	-1.64	-63.12	21.92	-144.267	67.650	-16.942	-0.83594	-0.16257	0.52405	0.00473	24.4	10080.1.7	100
2024-1-16 20:42:19:281	WT901BLE67(D1376ACA69A3)	1.096	0.074	-0.041	23.315	-20.264	-136.536	2.16	-58.07	18.42	-94.167	102.758	22.492	-0.83594	-0.16257	0.52405	0.00473	24.4	10080.1.7	100
2024-1-16 20:42:19:445	WT901BLE67(D1376ACA69A3)	0.316	0.112	0.983	24.109	-7.813	6.409	8.86	-55.27	12.69	-94.167	102.758	22.492	-0.83594	-0.16257	0.52405	0.00473	24.4	10080.1.7	100
2024-1-16 20:42:19:490	WT901BLE67(D1376ACA69A3)	0.885	0.052	0.563	31.311	-30.945	23.804	9.59	-57.84	15.31	-94.167	102.758	22.492	-0.86676	-0.13037	0.45895	-0.14487	24.4	10080.1.7	100
2024-1-16 20:42:19:613	WT901BLE67(D1376ACA69A3)	1.168	-0.237	0.859	25.391	23.682	6.531	10.17	-57.03	17.79	-94.167	102.758	22.492	-0.86676	-0.13037	0.45895	-0.14487	24.4	10080.1.7	100
2024-1-16 20:42:19:702	WT901BLE67(D1376ACA69A3)	0.956	0.568	0.509	20.935	-65.918	-6.042	11.98	-58.47	16.16	-105.467	81.533	6.133	-0.86676	-0.13037	0.45895	-0.14487	24.4	10080.1.7	100
2024-1-16 20:42:19:823	WT901BLE67(D1376ACA69A3)	0.859	0.054	0.502	46.143	-65.857	8.118	19.09	-65.67	13.43	-105.467	81.533	6.133	-0.86676	-0.13037	0.45895	-0.14487	24.4	10080.1.7	100
2024-1-16 20:42:19:882	WT901BLE67(D1376ACA69A3)	0.858	0.082	0.408	32.349	-86.792	-2.014	32.18	-73.03	3.63	-105.467	81.533	6.133	-0.86676	-0.13037	0.45895	-0.14487	24.4	10080.1.7	100
2024-1-16 20:42:20:3	WT901BLE67(D1376ACA69A3)	0.873	0.188	0.292	20.996	-76.172	-2.136	56.81	-78.49	-19.27	-105.467	81.533	6.133	-0.79752	-0.21542	0.53046	-0.18994	24.4	10080.1.7	100
2024-1-16 20:42:20:93	WT901BLE67(D1376ACA69A3)	0.813	0.139	0.171	11.475	-60.974	3.113	91.01	-80.39	-52.20	-125.333	71.825	22.433	-0.79752	-0.21542	0.53046	-0.18994	24.4	10080.1.7	100
2024-1-16 20:42:20:211	WT901BLE67(D1376ACA69A3)	1.029	0.259	0.131	5.432	-38.574	9.521	116.40	-80.06	-77.19	-125.333	71.825	22.433	-0.79752	-0.21542	0.53046	-0.18994	24.4	10080.1.7	100
2024-1-16 20:42:20:301	WT901BLE67(D1376ACA69A3)	1.037	0.176	-0.142	-7.690	-33.875	4.822	131.87	-79.83	-91.82	-125.333	71.825	22.433	-0.64911	-0.29791	0.67538	-0.18341	24.4	10080.1.7	100
2024-1-16 20:42:20:423	WT901BLE67(D1376ACA69A3)	0.931	0.141	-0.163	10.864	-17.212	22.583	144.51	-79.40	-104.31	-125.333	71.825	22.433	-0.64911	-0.29791	0.67538	-0.18341	24.4	10080.1.7	100
2024-1-16 20:42:20:483	WT901BLE67(D1376ACA69A3)	0.958	0.111	-0.164	7.568	-47.729	14.709	158.31	-78.44	-117.68	-125.333	71.825	22.433	-0.64911	-0.29791	0.67538	-0.18341	24.4	10080.1.7	100
2024-1-16 20:42:20:602	WT901BLE67(D1376ACA69A3)	0.987	0.097	-0.209	14.221	-10.132	17.883	169.24	-76.21	-127.82	-141.908	79.558	44.933	-0.64911	-0.29791	0.67538	-0.18341	24.4	10080.1.7	100
2024-1-16 20:42:20:693	WT901BLE67(D1376ACA69A3)	0.948	0.012	-0.247	13.123	-29.907	12.634	176.97	-74.82	-134.42	-141.908	79.558	44.933	-0.64911	-0.29791	0.67538	-0.18341	24.4	10080.1.7	100
2024-1-16 20:42:20:813	WT901BLE67(D1376ACA69A3)	0.942	-0.026	-0.236	6.592	-21.912	4.822	-179.23	-73.84	-137.36	-141.908	79.558	44.933	-0.57938	-0.29184	0.73145	-0.20984	24.4	10080.1.7	100
2024-1-16 20:42:20:902	WT901BLE67(D1376ACA69A3)	0.965	-0.035	-0.254	4.700	-2.747	1.770	-178.05	-72.68	-137.96	-150.758	78.133	49.808	-0.57938	-0.29184	0.73145	-0.20984	24.4	10080.1.7	100
2024-1-16 20:42:21:23	WT901BLE67(D1376ACA69A3)	0.974	-0.025	-0.288	-2.075	2.991	-1.221	-178.21	-71.86	-137.70	-150.758	78.133	49.808	-0.57938	-0.29184	0.73145	-0.20984	24.4	10080.1.7	100
2024-1-16 20:42:21:111	WT901BLE67(D1376ACA69A3)	0.945	0.029	-0.306	-3.479	-0.977	0.427	-178.71	-71.33	-137.51	-150.758	78.133	49.808	-0.54086	-0.30081	0.75357	-0.22134	24.4	10080.1.7	100
2024-1-16 20:42:21:271	WT901BLE67(D1376ACA69A3)	0.979	-0.014	-0.273	5.798	-1.892	3.296	-177.83	-70.96	-138.22	-150.758	78.133	49.808	-0.54086	-0.30081	0.75357	-0.22134	24.4	10080.1.7	100
2024-1-16 20:42:21:292	WT901BLE67(D1376ACA69A3)	0.904	0.032	-0.326	-6.897	-1.831	0.671	-178.09	-70.06	-138.21	-150.758	78.133	49.808	-0.54086	-0.30081	0.75357	-0.22134	24.4	10080.1.7	100
2024-1-16 20:42:21:413	WT901BLE67(D1376ACA69A3)	0.969	-0.082	-0.297	5.981	-2.563	3.052	-176.98	-69.69	-138.98	-156.983	74.417	51.017	-0.54086	-0.30081	0.75357	-0.22134	24.4	10080.1.7	100
2024-1-16 20:42:21:503	WT901BLE67(D1376ACA69A3)	0.942	0.028	-0.340	-1.770	-0.549	0.732	-177.24	-69.18	-138.97	-156.983	74.417	51.017	-0.54086	-0.30081	0.75357	-0.22134	24.4	10080.1.7	100
2024-1-16 20:42:21:625	WT901BLE67(D1376ACA69A3)	0.958	-0.014	-0.340	-2.014	-10.193	1.221	-176.90	-68.79	-139.38	-156.983	74.417	51.017	-0.52615	-0.30133	0.76422	-0.21960	24.4	10080.1.7	100
2024-1-16 20:42:21:712	WT901BLE67(D1376ACA69A3)	0.929	-0.004	-0.356	0.793	-10.864	1.892	-176.72	-68.34	-139.67	-160.450	72.225	53.417	-0.52615	-0.30133	0.76422	-0.21960	24.4	10080.1.7	100
2024-1-16 20:42:21:854	WT901BLE67(D1376ACA69A3)	0.916	-0.050	-0.350	0.854	-9.888	0.122	-176.48	-67.93	-139.83	-160.450	72.225	53.417	-0.52615	-0.30133	0.76422	-0.21960	24.4	10080.1.7	100
2024-1-16 20:42:21:891	WT901BLE67(D1376ACA69A3)	0.915	-0.030	-0.352	-6.775	1.221	-3.174	-177.37	-67.67	-139.37	-160.450	72.225	53.417	-0.52615	-0.30133	0.76422	-0.21960	24.4	10080.1.7	100
2024-1-16 20:42:22:13	WT901BLE67(D1376ACA69A3)	0.942	0.004	-0.351	-4.639	4.822	-7.202	-179.49	-67.96	-137.87	-160.450	72.225	53.417	-0.51495	-0.30048	0.77386	-0.21347	24.4	10080.1.7	100
2024-1-16 20:42:22:101	WT901BLE67(D1376ACA69A3)	0.972	0.011	-0.351	-11.963	8.972	-10.620	177.09	-68.75	-135.19	-160.450	72.225	53.417	-0.51495	-0.30048	0.77386	-0.21347	24.4	10080.1.7	100
2024-1-16 20:42:22:220	WT901BLE67(D1376ACA69A3)	0.977	0.069	-0.311	-10.864	2.869	-1.465	174.22	-69.36	-133.49	-162.150	70.442	54.100	-0.51495	-0.30048	0.77386	-0.21347	24.4	10080.1.7	100
2024-1-16 20:42:22:313	WT901BLE67(D1376ACA69A3)	0.913	0.122	-0.320	2.502	-4.395	5.493	174.57	-69.42	-134.30	-162.150	70.442	54.100	-0.51495	-0.30048	0.77386	-0.21347	24.4	10080.1.7	100
2024-1-16 20:42:22:431	WT901BLE67(D1376ACA69A3)	0.953	-0.032	-0.301	6.287	-5.493	5.493	177.07	-69.04	-136.11	-162.150	70.442	54.100	-0.53995	-0.29538	0.76624	-0.18439	24.4	10080.1.7	100
2024-1-16 20:42:22:521	WT901BLE67(D1376ACA69A3)	0.950	0.050	-0.355	0.793	-2.502	3.296	177.81	-68.87	-136.90	-162.150	70.442	54.100	-0.53995	-0.29538	0.76624	-0.18439	24.4	10080.1.7	100
2024-1-16 20:42:22:654	WT901BLE67(D1376ACA69A3)	0.936	0.013	-0.339	-2.625	0.427	1.160	178.30	-68.90	-137.51	-162.492	70.050	53.367	-0.53995	-0.29538	0.76624	-0.18439	24.4	10080.1.7	100
2024-1-16 20:42:22:704	WT901BLE67(D1376ACA69A3)	0.918	0.033	-0.334	-2.686	1.404	2.197	178.38	-68.88	-137.89	-162.492	70.050	53.367	-0.53995	-0.29538	0.76624	-0.18439	24.4	10080.1.7	100
2024-1-16 20:42:22:822	WT901BLE67(D1376ACA69A3)	0.915	-0.027	-0.338	1.404	0.122	0.305	178.91	-68.98	-138.35	-162.492	70.050	53.367	-0.53146	-0.28973	0.77228	-0.19250	24.4	10080.1.7	100
2024-1-16 20:42:22:913	WT901BLE67(D1376ACA69A3)	0.931	0.031	-0.343	-4.028	1.160	-2.136	178.13	-69.02	-137.84	-162.492	70.050	53.367	-0.53146	-0.28973	0.77228	-0.19250	24.4	10080.1.7	100
2024-1-16 20:42:23:31	WT901BLE67(D1376ACA69A3)	0.912	0.022	-0.359	-6.958	0.977	-7.263	176.30	-69.15	-136.44	-162.842	70.667	53.458	-0.53146	-0.28973	0.77228	-0.19250	24.4	10080.1.7	100
2024-1-16 20:42:23:120	WT901BLE67(D1376ACA69A3)	0.895	0.060	-0.346	-6.592	8.362	-14.709	172.42	-69.54	-133.00	-162.842	70.667	53.458	-0.53146	-0.28973	0.77228	-0.19250	24.4	10080.1.7	100
2024-1-16 20:42:23:248	WT901BLE67(D1376ACA69A3)	0.889	0.063	-0.286	-12.451	20.691	-17.944	166.50	-70.60	-127.62	-162.842	70.667	53.458	-0.53931	-0.28976	0.76947	-0.18158	24.4	10080.1.7	100
2024-1-16 20:42:23:303	WT901BLE67(D1376ACA69A3)	0.956	0.052	-0.148	-29.419	50.781	-32.776	153.02	-73.05	-115.77	-162.842	70.667	53.458	-0.53931	-0.28976	0.76947	-0.18158	24.4	10080.1.7	100
2024-1-16 20:42:23:424	WT901BLE67(D1376ACA69A3)	0.870	0.188	-0.066	-55.664	64.331	-39.246	125.40	-74.92	-91.68	-163.525	66.867	50.892	-0.53931	-0.28976	0.76947	-0.18158	24.4	10080.1.7	100
2024-1-16 20:42:23:513	WT901BLE67(D1376ACA69A3)	0.924	0.281	0.131	-68.787	107.361	-12.634	88.47	-74.95	-59.89	-163.525	66.867	50.892	-0.53931	-0.28976	0.76947	-0.18158	24.4	10080.1.7	100
2024-1-16 20:42:23:633	WT901BLE67(D1376ACA69A3)	0.873	0.354	0.296	-59.631	94.543	-5.371	48.76	-69.75	-25.01	-163.525	66.867	50.892	-0.68320	-0.27386	0.67065	-0.09140	24.4	10080.1.7	100
2024-1-16 20:42:23:724	WT901BLE67(D1376ACA69A3)	0.917	0.303	0.443	-46.631	151.917	7.019	30.01	-63.38	-9.94	-163.525	66.867	50.892	-0.68320	-0.27386	0.67065	-0.09140	24.4	10080.1.7	100
2024-1-16 20:42:23:872	WT901BLE67(D1376ACA69A3)	0.773	0.197	0.520	-30.212	40.100	15.869	19.80	-58.17	-2.34	-139.708	75.617	15.642	-0.68320	-0.27386	0.67065	-0.09140	24.4	10080.1.7	100
2024-1-16 20:42:23:938	WT901BLE67(D1376ACA69A3)	0.841	0.266	0.688	-14.465	21.423	10.559	14.47	-55.45	1.67	-139.708	75.617	15.642	-0.68320	-0.27386	0.67065	-0.09140	24.4	10080.1.7	100
2024-1-16 20:42:24:83	WT901BLE67(D1376ACA69A3)	0.882	0.179	0.595	19.531	25.146	27.527	11.87	-53.41	5.52	-139.708	75.617	15.642	-0.87555	-0.12100	0.46216	-0.07101	24.4	10080.1.7	100
2024-1-16 20:42:24:112	WT901BLE67(D1376ACA69A3)	0.748	0.091	0.662	21.362	1.343	18.494	10.65	-52.55	9.67	-139.708	75.617	15.642	-0.87555	-0.12100	0.46216	-0.07101	24.4	10080.1.7	100
2024-1-16 20:42:24:254	WT901BLE67(D1376ACA69A3)	0.839	0.105	0.587	22.644	-3.723	19.165	10.42	-53.09	12.61	-111.958	84.325	0.858	-0.87555	-0.12100	0.46216	-0.07101	24.4	10080.1.7	100
2024-1-16 20:42:24:324	WT901BLE67(D1376ACA69A3)	0.636	-0.145	0.741	2.075	-7.263	13.367	10.05	-53.94	15.28	-111.958	84.325	0.858	-0.87555	-0.12100	0.46216	-0.07101	24.4	10080.1.7	100
2024-1-16 20:42:24:449	WT901BLE67(D1376ACA69A3)	0.772	0.124	0.607	-7.751	-6.409	1.953	8.50	-54.98	16.32	-111.958	84.325	0.858	-0.87598	-0.13721	0.43604	-0.15375	24.4	10080.1.7	100
2024-1-16 20:42:24:551	WT901BLE67(D1376ACA69A3)	0.759	0.004	0.695	2.441	4.883	6.409	7.74	-54.89	17.15	-111.958	84.325	0.858	-0.87598	-0.13721	0.43604	-0.15375	24.4	10080.1.7	100
2024-1-16 20:42:24:657	WT901BLE67(D1376ACA69A3)	0.711	0.080	0.617	-1.770	3.784	3.296	6.80	-54.26	18.06	-110.125	81.883	1.400	-0.87598	-0.13721	0.43604	-0.15375	24.4	10080.1.7	100
2024-1-16 20:42:24:713	WT901BLE67(D1376ACA69A3)	0.799	-0.006	0.634	-1.648	11.353	2.563	6.13	-53.46	18.86	-110.125	81.883	1.400	-0.87598	-0.13721	0.43604	-0.15375	24.4	10080.1.7	100
2024-1-16 20:42:24:843	WT901BLE67(D1376ACA69A3)	0.792	0.072	0.668	-9.521	6.287	-6.226	5.47	-52.29	18.99	-110.125	81.883	1.400	-0.87537	-0.12109	0.43616	-0.16949	24.4	10080.1.7	100
2024-1-16 20:42:24:983	WT901BLE67(D1376ACA69A3)	0.760	0.124	0.644	-1.648	0.610	-5.859	5.61	-51.84	17.94	-110.125	81.883	1.400	-0.87537	-0.12109	0.43616	-0.16949	24.4	10080.1.7	100
2024-1-16 20:42:25:44	WT901BLE67(D1376ACA69A3)	0.754	0.060	0.642	-2.441	-4.150	-7.507	6.31	-51.96	16.96	-107.375	83.317	1.142	-0.87537	-0.12109	0.43616	-0.16949	24.4	10080.1.7	100
2024-1-16 20:42:25:176	WT901BLE67(D1376ACA69A3)	0.727	0.129	0.649	0.549	-5.005	-6.470	7.26	-52.32	15.45	-107.375	83.317	1.142	-0.87537	-0.12109	0.43616	-0.16949	24.4	10080.1.7	100
2024-1-16 20:42:25:282	WT901BLE67(D1376ACA69A3)	0.757	0.027	0.653	5.615	-3.418	-3.174	8.42	-52.61	14.61	-107.375	83.317	1.142	-0.88376	-0.11584	0.42859	-0.14752	24.4	10080.1.7	100
2024-1-16 20:42:25:344	WT901BLE67(D1376ACA69A3)	0.834	0.070	0.655	-2.869	-2.014	-5.493	8.93	-52.62	14.12	-107.375	83.317	1.142	-0.88376	-0.11584	0.42859	-0.14752	24.4	10080.1.7	100
2024-1-16 20:42:25:462	WT901BLE67(D1376ACA69A3)	0.750	0.138	0.632	5.676	-6.714	0.305	9.49	-52.85	13.36	-108.625	82.442	2.050	-0.88376	-0.11584	0.42859	-0.14752	24.4	10080.1.7	100
2024-1-16 20:42:25:523	WT901BLE67(D1376ACA69A3)	0.709	0.089	0.634	7.385	-7.874	2.502	10.03	-53.68	13.77	-108.625	82.442	2.050	-0.88376	-0.11584	0.42859	-0.14752	24.4	10080.1.7	100
2024-1-16 20:42:25:653	WT901BLE67(D1376ACA69A3)	0.762	0.157	0.574	8.423	-9.033	0.244	10.76	-54.37	13.68	-108.625	82.442	2.050	-0.87787	-0.13110	0.43689	-0.14557	24.4	10080.1.7	100
2024-1-16 20:42:25:735	WT901BLE67(D1376ACA69A3)	0.771	0.038	0.616	-0.549	0.122	-0.671	11.09	-54.49	13.92	-108.625	82.442	2.050	-0.87787	-0.13110	0.43689	-0.14557	24.4	10080.1.7	100
2024-1-16 20:42:25:870	WT901BLE67(D1376ACA69A3)	0.745	0.156	0.604	-1.709	1.648	-0.732	11.14	-54.17	13.22	-111.150	80.350	1.867	-0.87787	-0.13110	0.43689	-0.14557	24.4	10080.1.7	100
2024-1-16 20:42:25:956	WT901BLE67(D1376ACA69A3)	0.793	0.075	0.621	-3.723	6.531	-0.854	10.76	-53.65	13.54	-111.150	80.350	1.867	-0.87787	-0.13110	0.43689	-0.14557	24.4	10080.1.7	100
2024-1-16 20:42:26:62	WT901BLE67(D1376ACA69A3)	0.754	0.128	0.609	-4.395	4.761	-2.075	10.33	-52.90	13.40	-111.150	80.350	1.867	-0.87759	-0.13565	0.43570	-0.14661	24.4	10080.1.7	100
2024-1-16 20:42:26:123	WT901BLE67(D1376ACA69A3)	0.781	0.086	0.648	-3.418	4.089	-0.793	9.97	-52.45	13.46	-111.150	80.350	1.867	-0.87759	-0.13565	0.43570	-0.14661	24.4	10080.1.7	100
2024-1-16 20:42:26:252	WT901BLE67(D1376ACA69A3)	0.765	0.118	0.633	-4.822	2.319	-3.540	9.76	-52.01	13.10	-109.683	81.367	1.808	-0.87759	-0.13565	0.43570	-0.14661	24.4	10080.1.7	100
2024-1-16 20:42:26:353	WT901BLE67(D1376ACA69A3)	0.764	0.102	0.633	-3.906	-0.732	-3.357	9.78	-51.86	12.57	-109.683	81.367	1.808	-0.87759	-0.13565	0.43570	-0.14661	24.4	10080.1.7	100
2024-1-16 20:42:26:457	WT901BLE67(D1376ACA69A3)	0.768	0.109	0.641	-3.784	-0.793	-3.296	9.83	-51.82	11.99	-109.683	81.367	1.808	-0.88654	-0.12390	0.42465	-0.13516	24.4	10080.1.7	100
2024-1-16 20:42:26:572	WT901BLE67(D1376ACA69A3)	0.752	0.104	0.641	-2.869	-1.892	-2.075	9.86	-51.87	11.52	-109.683	81.367	1.808	-0.88654	-0.12390	0.42465	-0.13516	24.4	10080.1.7	100
2024-1-16 20:42:26:662	WT901BLE67(D1376ACA69A3)	0.754	0.108	0.637	-1.587	-2.991	1.282	9.78	-52.09	11.30	-109.633	82.658	2.575	-0.88654	-0.12390	0.42465	-0.13516	24.4	10080.1.7	100
2024-1-16 20:42:26:755	WT901BLE67(D1376ACA69A3)	0.770	0.095	0.628	-0.610	-0.427	2.686	9.40	-52.21	11.65	-109.633	82.658	2.575	-0.88654	-0.12390	0.42465	-0.13516	24.4	10080.1.7	100
2024-1-16 20:42:26:872	WT901BLE67(D1376ACA69A3)	0.773	0.085	0.641	-2.747	0.244	-0.793	9.06	-52.14	11.88	-109.633	82.658	2.575	-0.88663	-0.11749	0.42880	-0.12695	24.4	10080.1.7	100
2024-1-16 20:42:26:963	WT901BLE67(D1376ACA69A3)	0.749	0.104	0.628	-3.418	-1.221	-3.296	9.02	-52.11	11.49	-109.633	82.658	2.575	-0.88663	-0.11749	0.42880	-0.12695	24.4	10080.1.7	100
2024-1-16 20:42:27:58	WT901BLE67(D1376ACA69A3)	0.782	0.093	0.626	-2.258	-1.404	-2.441	9.12	-52.18	11.04	-110.183	83.467	2.742	-0.88663	-0.11749	0.42880	-0.12695	24.4	10080.1.7	100
2024-1-16 20:42:27:159	WT901BLE67(D1376ACA69A3)	0.759	0.114	0.627	-1.953	-1.587	-3.662	9.29	-52.16	10.51	-110.183	83.467	2.742	-0.88663	-0.11749	0.42880	-0.12695	24.4	10080.1.7	100
2024-1-16 20:42:27:261	WT901BLE67(D1376ACA69A3)	0.766	0.105	0.626	1.099	0.427	-0.305	9.55	-52.15	10.17	-110.183	83.467	2.742	-0.88818	-0.11261	0.42966	-0.11731	24.4	10080.1.7	100
2024-1-16 20:42:27:355	WT901BLE67(D1376ACA69A3)	0.757	0.101	0.633	-0.061	0.793	-0.366	9.63	-52.01	10.13	-110.183	83.467	2.742	-0.88818	-0.11261	0.42966	-0.11731	24.4	10080.1.7	100
2024-1-16 20:42:27:472	WT901BLE67(D1376ACA69A3)	0.766	0.104	0.625	0.122	0.488	0.305	9.57	-51.90	10.18	-110.692	83.725	3.133	-0.88818	-0.11261	0.42966	-0.11731	24.4	10080.1.7	100
2024-1-16 20:42:27:553	WT901BLE67(D1376ACA69A3)	0.772	0.103	0.625	0.854	0.854	1.282	9.50	-51.76	10.35	-110.692	83.725	3.133	-0.88818	-0.11261	0.42966	-0.11731	24.4	10080.1.7	100
2024-1-16 20:42:27:657	WT901BLE67(D1376ACA69A3)	0.759	0.115	0.633	2.014	0.610	2.686	9.35	-51.65	10.69	-110.692	83.725	3.133	-0.88971	-0.11346	0.42624	-0.11719	24.4	10080.1.7	100
2024-1-16 20:42:27:760	WT901BLE67(D1376ACA69A3)	0.756	0.095	0.637	3.967	1.160	5.249	9.15	-51.60	11.34	-110.692	83.725	3.133	-0.88971	-0.11346	0.42624	-0.11719	24.4	10080.1.7	100
2024-1-16 20:42:27:862	WT901BLE67(D1376ACA69A3)	0.762	0.095	0.636	2.625	2.136	4.700	8.78	-51.44	12.22	-109.917	83.608	3.358	-0.88971	-0.11346	0.42624	-0.11719	24.4	10080.1.7	100
2024-1-16 20:42:27:957	WT901BLE67(D1376ACA69A3)	0.771	0.101	0.634	4.700	2.441	5.371	8.48	-51.24	13.08	-109.917	83.608	3.358	-0.88971	-0.11346	0.42624	-0.11719	24.4	10080.1.7	100
2024-1-16 20:42:28:72	WT901BLE67(D1376ACA69A3)	0.774	0.083	0.641	6.470	2.869	7.019	8.27	-51.01	14.10	-109.917	83.608	3.358	-0.88965	-0.11554	0.42056	-0.13489	24.4	10080.1.7	100
2024-1-16 20:42:28:161	WT901BLE67(D1376ACA69A3)	0.752	0.087	0.630	5.188	0.000	5.432	8.04	-50.96	15.15	-109.917	83.608	3.358	-0.88965	-0.11554	0.42056	-0.13489	24.4	10080.1.7	100
2024-1-16 20:42:28:282	WT901BLE67(D1376ACA69A3)	0.753	0.084	0.639	5.005	0.183	3.845	7.97	-51.03	15.92	-108.333	82.833	2.658	-0.88965	-0.11554	0.42056	-0.13489	24.4	10080.1.7	100
2024-1-16 20:42:28:358	WT901BLE67(D1376ACA69A3)	0.764	0.107	0.640	7.263	1.831	4.883	8.00	-50.93	16.59	-108.333	82.833	2.658	-0.88965	-0.11554	0.42056	-0.13489	24.4	10080.1.7	100
2024-1-16 20:42:28:462	WT901BLE67(D1376ACA69A3)	0.759	0.097	0.632	11.780	2.258	3.784	8.48	-50.74	17.30	-108.333	82.833	2.658	-0.88666	-0.12531	0.41473	-0.16135	24.4	10080.1.7	100
2024-1-16 20:42:28:557	WT901BLE67(D1376ACA69A3)	0.788	0.099	0.635	8.728	0.916	-1.648	9.38	-50.58	17.43	-108.333	82.833	2.658	-0.88666	-0.12531	0.41473	-0.16135	24.4	10080.1.7	100
2024-1-16 20:42:28:672	WT901BLE67(D1376ACA69A3)	0.805	0.080	0.632	6.226	-1.404	-0.793	10.21	-50.57	17.30	-107.358	79.950	1.700	-0.88666	-0.12531	0.41473	-0.16135	24.4	10080.1.7	100
2024-1-16 20:42:28:762	WT901BLE67(D1376ACA69A3)	0.804	0.104	0.628	-0.488	-5.493	-2.563	10.64	-50.91	16.94	-107.358	79.950	1.700	-0.88666	-0.12531	0.41473	-0.16135	24.4	10080.1.7	100
2024-1-16 20:42:28:881	WT901BLE67(D1376ACA69A3)	0.796	0.161	0.612	2.747	-9.644	3.967	10.82	-51.73	16.78	-107.358	79.950	1.700	-0.88144	-0.14667	0.41510	-0.17075	24.4	10080.1.7	100
2024-1-16 20:42:28:955	WT901BLE67(D1376ACA69A3)	0.785	0.182	0.610	13.306	-13.733	16.724	10.60	-53.17	18.19	-107.358	79.950	1.700	-0.88144	-0.14667	0.41510	-0.17075	24.4	10080.1.7	100
2024-1-16 20:42:29:60	WT901BLE67(D1376ACA69A3)	0.777	0.149	0.599	23.987	-14.587	29.175	9.81	-55.00	21.67	-107.358	79.950	1.700	-0.88144	-0.14667	0.41510	-0.17075	24.4	10080.1.7	100
2024-1-16 20:42:29:160	WT901BLE67(D1376ACA69A3)	0.818	0.046	0.572	22.095	-9.460	33.142	7.83	-56.51	27.08	-109.792	78.333	1.842	-0.88144	-0.14667	0.41510	-0.17075	24.4	10080.1.7	100
2024-1-16 20:42:29:272	WT901BLE67(D1376ACA69A3)	0.799	0.050	0.562	17.273	-7.202	29.846	4.99	-57.51	32.71	-109.792	78.333	1.842	-0.88144	-0.14667	0.41510	-0.17075	24.4	10080.1.7	100
2024-1-16 20:42:29:361	WT901BLE67(D1376ACA69A3)	0.819	-0.004	0.537	15.686	-4.883	21.423	2.76	-58.18	37.32	-109.792	78.333	1.842	-0.83920	-0.17102	0.44846	-0.25546	24.4	10080.1.7	100
2024-1-16 20:42:29:481	WT901BLE67(D1376ACA69A3)	0.851	-0.048	0.530	7.813	-1.282	10.925	1.46	-58.34	40.17	-112.125	74.600	1.083	-0.83920	-0.17102	0.44846	-0.25546	24.4	10080.1.7	100
2024-1-16 20:42:29:569	WT901BLE67(D1376ACA69A3)	0.843	-0.022	0.530	-0.916	-1.648	1.892	0.79	-58.33	41.14	-112.125	74.600	1.083	-0.83920	-0.17102	0.44846	-0.25546	24.4	10080.1.7	100
2024-1-16 20:42:29:692	WT901BLE67(D1376ACA69A3)	0.873	0.002	0.525	-2.380	-2.869	-0.916	0.52	-58.51	41.16	-112.125	74.600	1.083	-0.81604	-0.17575	0.45544	-0.30927	24.4	10080.1.7	100
2024-1-16 20:42:29:760	WT901BLE67(D1376ACA69A3)	0.870	0.006	0.519	-2.502	-4.333	-1.038	0.46	-58.79	40.94	-112.125	74.600	1.083	-0.81604	-0.17575	0.45544	-0.30927	24.4	10080.1.7	100
2024-1-16 20:42:29:872	WT901BLE67(D1376ACA69A3)	0.784	-0.003	0.514	-5.249	-6.897	-2.686	0.34	-59.37	40.63	-112.125	74.600	1.083	-0.81604	-0.17575	0.45544	-0.30927	24.4	10080.1.7	100
2024-1-16 20:42:29:961	WT901BLE67(D1376ACA69A3)	0.835	0.069	0.536	-6.042	-8.972	-12.695	1.01	-60.20	39.05	-113.133	74.817	1.567	-0.81604	-0.17575	0.45544	-0.30927	24.4	10080.1.7	100
2024-1-16 20:42:30:79	WT901BLE67(D1376ACA69A3)	0.908	0.010	0.521	-1.038	4.883	-16.418	3.48	-60.13	36.07	-113.133	74.817	1.567	-0.81604	-0.17575	0.45544	-0.30927	24.4	10080.1.7	100
2024-1-16 20:42:30:172	WT901BLE67(D1376ACA69A3)	0.943	0.004	0.506	-20.142	1.526	-21.484	5.71	-59.47	32.39	-113.133	74.817	1.567	-0.81583	-0.17807	0.46997	-0.28586	24.4	10080.1.7	100
2024-1-16 20:42:30:289	WT901BLE67(D1376ACA69A3)	0.947	0.034	0.479	-26.733	-8.606	-23.804	7.10	-59.61	28.00	-115.242	74.742	2.400	-0.81583	-0.17807	0.46997	-0.28586	24.4	10080.1.7	100
2024-1-16 20:42:30:361	WT901BLE67(D1376ACA69A3)	0.414	0.076	0.420	-26.978	-28.137	-31.494	9.42	-61.05	22.17	-115.242	74.742	2.400	-0.81583	-0.17807	0.46997	-0.28586	24.4	10080.1.7	100
2024-1-16 20:42:30:472	WT901BLE67(D1376ACA69A3)	0.458	0.078	0.199	-7.690	-72.937	-22.034	13.75	-65.61	15.01	-115.242	74.742	2.400	-0.81583	-0.17807	0.46997	-0.28586	24.4	10080.1.7	100
2024-1-16 20:42:30:561	WT901BLE67(D1376ACA69A3)	1.500	0.033	0.380	-16.174	-10.193	-10.864	19.67	-68.85	6.43	-115.242	74.742	2.400	-0.82388	-0.16791	0.51074	-0.17905	24.4	10080.1.7	100
2024-1-16 20:42:30:682	WT901BLE67(D1376ACA69A3)	1.897	0.361	0.829	-28.259	52.368	-21.118	19.34	-65.51	3.92	-115.242	74.742	2.400	-0.82388	-0.16791	0.51074	-0.17905	24.4	10080.1.7	100
2024-1-16 20:42:30:771	WT901BLE67(D1376ACA69A3)	1.203	0.230	1.326	-24.902	90.210	-2.808	15.04	-59.69	6.45	-127.092	77.717	12.658	-0.82388	-0.16791	0.51074	-0.17905	24.4	10080.1.7	100
2024-1-16 20:42:30:892	WT901BLE67(D1376ACA69A3)	0.262	0.217	0.506	-3.052	53.528	13.123	11.50	-52.86	8.63	-127.092	77.717	12.658	-0.87729	-0.12744	0.44928	-0.11020	24.4	10080.1.7	100
2024-1-16 20:42:30:982	WT901BLE67(D1376ACA69A3)	0.153	0.059	-0.648	-10.620	-488.403	-85.754	14.61	-58.32	8.16	-127.092	77.717	12.658	-0.87729	-0.12744	0.44928	-0.11020	24.4	10080.1.7	100
2024-1-16 20:42:31:101	WT901BLE67(D1376ACA69A3)	0.041	-0.017	0.129	-123.657	151.428	64.758	41.21	-70.35	-22.87	-144.167	63.100	58.858	-0.87729	-0.12744	0.44928	-0.11020	24.4	10080.1.7	100
2024-1-16 20:42:31:162	WT901BLE67(D1376ACA69A3)	3.092	0.010	0.191	114.929	-71.167	85.754	23.66	-71.07	-4.20	-144.167	63.100	58.858	-0.87729	-0.12744	0.44928	-0.11020	24.4	10080.1.7	100
2024-1-16 20:42:31:282	WT901BLE67(D1376ACA69A3)	0.795	-0.270	1.031	204.285	138.489	626.831	-0.73	-69.94	23.69	-144.167	63.100	58.858	-0.87729	-0.12744	0.44928	-0.11020	24.4	10080.1.7	100
2024-1-16 20:42:31:371	WT901BLE67(D1376ACA69A3)	1.632	-0.042	0.106	32.715	111.694	-46.265	-3.98	-77.21	28.46	-144.167	63.100	58.858	-0.79660	-0.13116	0.57547	-0.13025	24.4	10080.1.7	100
2024-1-16 20:42:31:492	WT901BLE67(D1376ACA69A3)	1.339	-0.177	0.557	-7.446	65.735	-34.363	-2.10	-73.64	27.19	-144.167	63.100	58.858	-0.79660	-0.13116	0.57547	-0.13025	24.4	10080.1.7	100
2024-1-16 20:42:31:582	WT901BLE67(D1376ACA69A3)	0.977	0.024	1.075	-1.343	91.309	2.991	2.08	-68.47	23.10	-97.617	102.342	37.475	-0.79660	-0.13116	0.57547	-0.13025	24.4	10080.1.7	100
2024-1-16 20:42:31:703	WT901BLE67(D1376ACA69A3)	0.111	-0.040	0.292	11.841	50.415	1.587	1.08	-60.01	25.11	-97.617	102.342	37.475	-0.83749	-0.11786	0.49875	-0.18936	24.4	10080.1.7	100
2024-1-16 20:42:31:762	WT901BLE67(D1376ACA69A3)	0.000	0.034	-0.452	-40.161	-354.797	-128.967	8.64	-67.05	15.90	-97.617	102.342	37.475	-0.83749	-0.11786	0.49875	-0.18936	24.4	10080.1.7	100
2024-1-16 20:42:31:882	WT901BLE67(D1376ACA69A3)	0.849	-0.001	-0.097	-92.773	74.158	-40.405	46.97	-77.63	-25.25	-97.617	102.342	37.475	-0.83749	-0.11786	0.49875	-0.18936	24.4	10080.1.7	100
2024-1-16 20:42:31:972	WT901BLE67(D1376ACA69A3)	2.219	0.104	0.695	-41.260	300.354	-103.699	35.93	-59.85	-16.74	-122.708	73.742	85.167	-0.83749	-0.11786	0.49875	-0.18936	24.4	10080.1.7	100
2024-1-16 20:42:32:121	WT901BLE67(D1376ACA69A3)	0.691	1.150	0.780	63.293	-35.706	143.311	34.12	-62.61	-14.34	-122.708	73.742	85.167	-0.83292	-0.18826	0.51901	-0.03662	24.4	10080.1.7	100
2024-1-16 20:42:32:182	WT901BLE67(D1376ACA69A3)	0.843	0.035	0.571	-6.409	0.671	-9.094	35.41	-69.08	-11.72	-122.708	73.742	85.167	-0.83292	-0.18826	0.51901	-0.03662	24.4	10080.1.7	100
2024-1-16 20:42:32:303	WT901BLE67(D1376ACA69A3)	1.378	0.401	0.671	-8.118	6.470	-16.174	38.66	-69.25	-15.85	-122.708	73.742	85.167	-0.83292	-0.18826	0.51901	-0.03662	24.4	10080.1.7	100
2024-1-16 20:42:32:392	WT901BLE67(D1376ACA69A3)	1.189	0.387	1.268	-16.602	105.225	11.841	31.68	-65.17	-9.15	-110.250	52.750	14.133	-0.83292	-0.18826	0.51901	-0.03662	24.4	10080.1.7	100
2024-1-16 20:42:32:513	WT901BLE67(D1376ACA69A3)	0.131	0.369	0.305	-18.494	66.772	-19.592	21.91	-56.67	-0.46	-110.250	52.750	14.133	-0.85645	-0.16870	0.47961	-0.08899	24.4	10080.1.7	100
2024-1-16 20:42:32:571	WT901BLE67(D1376ACA69A3)	0.282	0.023	-0.600	20.142	-481.140	-151.550	36.68	-60.87	-17.27	-110.250	52.750	14.133	-0.85645	-0.16870	0.47961	-0.08899	24.4	10080.1.7	100
2024-1-16 20:42:32:689	WT901BLE67(D1376ACA69A3)	0.033	-0.177	0.587	-247.009	169.739	83.069	72.20	-66.21	-59.22	-110.250	52.750	14.133	-0.85645	-0.16870	0.47961	-0.08899	24.4	10080.1.7	100
2024-1-16 20:42:32:783	WT901BLE67(D1376ACA69A3)	1.831	0.053	-0.165	90.454	-166.687	-26.367	46.49	-56.12	-16.47	-119.075	39.425	90.008	-0.85645	-0.16870	0.47961	-0.08899	24.4	10080.1.7	100
2024-1-16 20:42:32:901	WT901BLE67(D1376ACA69A3)	0.507	0.713	3.471	-300.964	398.926	-43.274	47.29	-63.88	-26.38	-119.075	39.425	90.008	-0.85645	-0.16870	0.47961	-0.08899	24.4	10080.1.7	100
2024-1-16 20:42:32:992	WT901BLE67(D1376ACA69A3)	0.688	0.099	1.305	-22.766	-24.353	22.888	32.28	-66.61	-10.11	-119.075	39.425	90.008	-0.79263	-0.23074	0.56320	-0.03403	24.4	10080.1.7	100
2024-1-16 20:42:33:114	WT901BLE67(D1376ACA69A3)	0.788	0.118	0.180	15.991	-3.235	10.010	28.77	-68.41	-5.52	-119.075	39.425	90.008	-0.79263	-0.23074	0.56320	-0.03403	24.4	10080.1.7	100
2024-1-16 20:42:33:202	WT901BLE67(D1376ACA69A3)	0.493	0.133	0.317	11.841	-10.193	-4.700	30.75	-68.65	-6.10	-99.917	59.350	14.317	-0.79263	-0.23074	0.56320	-0.03403	24.4	10080.1.7	100
2024-1-16 20:42:33:293	WT901BLE67(D1376ACA69A3)	1.698	0.112	0.287	2.014	2.502	-9.216	34.19	-68.55	-9.00	-99.917	59.350	14.317	-0.79263	-0.23074	0.56320	-0.03403	24.4	10080.1.7	100
2024-1-16 20:42:33:414	WT901BLE67(D1376ACA69A3)	0.625	0.543	1.100	18.311	12.817	-2.747	32.21	-66.90	-5.26	-99.917	59.350	14.317	-0.79947	-0.19876	0.55713	-0.10403	24.4	10080.1.7	100
2024-1-16 20:42:33:503	WT901BLE67(D1376ACA69A3)	1.028	0.091	0.497	57.617	-73.975	7.446	47.42	-71.57	-16.69	-99.917	59.350	14.317	-0.79947	-0.19876	0.55713	-0.10403	24.4	10080.1.7	100
2024-1-16 20:42:33:592	WT901BLE67(D1376ACA69A3)	0.897	0.301	0.224	34.851	-61.523	-4.639	68.07	-74.66	-34.15	-103.375	52.892	16.617	-0.79947	-0.19876	0.55713	-0.10403	24.4	10080.1.7	100
2024-1-16 20:42:33:713	WT901BLE67(D1376ACA69A3)	0.888	0.207	0.255	26.489	-62.378	-2.625	94.73	-75.43	-58.34	-103.375	52.892	16.617	-0.79947	-0.19876	0.55713	-0.10403	24.4	10080.1.7	100
2024-1-16 20:42:33:802	WT901BLE67(D1376ACA69A3)	0.870	0.350	0.074	28.992	-49.316	8.667	115.33	-73.96	-77.51	-103.375	52.892	16.617	-0.68909	-0.30505	0.64389	-0.13193	24.4	10080.1.7	100
2024-1-16 20:42:33:924	WT901BLE67(D1376ACA69A3)	0.917	0.200	-0.018	20.081	-33.752	7.263	128.81	-72.64	-89.29	-103.375	52.892	16.617	-0.68909	-0.30505	0.64389	-0.13193	24.4	10080.1.7	100
2024-1-16 20:42:33:982	WT901BLE67(D1376ACA69A3)	0.931	0.271	-0.131	-0.854	-17.944	0.854	135.09	-71.48	-95.08	-123.100	48.808	45.900	-0.68909	-0.30505	0.64389	-0.13193	24.4	10080.1.7	100
2024-1-16 20:42:34:103	WT901BLE67(D1376ACA69A3)	0.924	0.344	-0.198	0.061	-14.893	6.226	139.20	-70.41	-99.51	-123.100	48.808	45.900	-0.68909	-0.30505	0.64389	-0.13193	24.4	10080.1.7	100
2024-1-16 20:42:34:193	WT901BLE67(D1376ACA69A3)	0.979	0.224	-0.196	20.691	-11.169	40.344	146.14	-70.69	-105.69	-123.100	48.808	45.900	-0.59799	-0.34155	0.71289	-0.13193	24.4	10080.1.7	100
2024-1-16 20:42:34:313	WT901BLE67(D1376ACA69A3)	0.933	0.166	-0.267	5.554	-18.188	15.442	154.64	-70.60	-113.59	-123.100	48.808	45.900	-0.59799	-0.34155	0.71289	-0.13193	24.4	10080.1.7	100
2024-1-16 20:42:34:403	WT901BLE67(D1376ACA69A3)	0.917	0.183	-0.267	11.780	-15.320	16.785	160.30	-69.66	-118.88	-135.025	49.833	48.100	-0.59799	-0.34155	0.71289	-0.13193	24.4	10080.1.7	100
2024-1-16 20:42:34:523	WT901BLE67(D1376ACA69A3)	0.896	0.089	-0.294	11.719	-46.631	13.428	166.71	-68.21	-124.48	-135.025	49.833	48.100	-0.59799	-0.34155	0.71289	-0.13193	24.4	10080.1.7	100
2024-1-16 20:42:34:581	WT901BLE67(D1376ACA69A3)	0.913	0.058	-0.322	5.188	-8.789	8.667	170.47	-66.92	-127.65	-135.025	49.833	48.100	-0.53748	-0.32562	0.75793	-0.17468	24.4	10080.1.7	100
2024-1-16 20:42:34:702	WT901BLE67(D1376ACA69A3)	0.936	0.067	-0.342	-2.380	1.221	-1.953	171.38	-66.08	-128.43	-135.025	49.833	48.100	-0.53748	-0.32562	0.75793	-0.17468	24.4	10080.1.7	100
2024-1-16 20:42:34:791	WT901BLE67(D1376ACA69A3)	0.925	0.115	-0.370	-2.075	-9.216	-1.099	170.90	-65.32	-128.17	-144.433	50.633	51.583	-0.53748	-0.32562	0.75793	-0.17468	24.4	10080.1.7	100
2024-1-16 20:42:34:913	WT901BLE67(D1376ACA69A3)	0.935	0.089	-0.359	-2.747	-1.526	0.366	170.93	-65.00	-128.36	-144.433	50.633	51.583	-0.53748	-0.32562	0.75793	-0.17468	24.4	10080.1.7	100
2024-1-16 20:42:35:1	WT901BLE67(D1376ACA69A3)	0.925	0.102	-0.363	-3.540	-0.183	-0.244	170.58	-64.59	-128.35	-144.433	50.633	51.583	-0.50995	-0.32813	0.77621	-0.17218	24.4	10080.1.7	100
2024-1-16 20:42:35:124	WT901BLE67(D1376ACA69A3)	0.929	0.135	-0.360	-1.709	-0.122	0.854	170.20	-64.46	-128.25	-144.433	50.633	51.583	-0.50995	-0.32813	0.77621	-0.17218	24.4	10080.1.7	100
2024-1-16 20:42:35:214	WT901BLE67(D1376ACA69A3)	0.952	0.093	-0.365	6.042	-1.831	1.465	170.61	-64.58	-128.40	-148.883	48.442	52.758	-0.50995	-0.32813	0.77621	-0.17218	24.4	10080.1.7	100
2024-1-16 20:42:35:353	WT901BLE67(D1376ACA69A3)	0.882	0.153	-0.378	4.150	-1.892	0.854	170.96	-64.19	-128.47	-148.883	48.442	52.758	-0.50995	-0.32813	0.77621	-0.17218	24.4	10080.1.7	100
2024-1-16 20:42:35:392	WT901BLE67(D1376ACA69A3)	0.899	-0.007	-0.362	-6.409	0.916	-5.188	170.59	-64.23	-127.88	-148.883	48.442	52.758	-0.50598	-0.32947	0.77866	-0.17038	24.4	10080.1.7	100
2024-1-16 20:42:35:510	WT901BLE67(D1376ACA69A3)	0.912	0.119	-0.352	-13.245	16.602	-21.423	165.27	-64.63	-123.41	-148.883	48.442	52.758	-0.50598	-0.32947	0.77866	-0.17038	24.4	10080.1.7	100
2024-1-16 20:42:35:599	WT901BLE67(D1376ACA69A3)	0.970	0.169	-0.359	-23.560	17.944	-21.912	157.49	-65.64	-117.04	-151.167	46.083	52.200	-0.50598	-0.32947	0.77866	-0.17038	24.4	10080.1.7	100
2024-1-16 20:42:35:723	WT901BLE67(D1376ACA69A3)	0.914	0.280	-0.317	-7.507	17.578	-11.780	151.05	-66.67	-111.65	-151.167	46.083	52.200	-0.50598	-0.32947	0.77866	-0.17038	24.4	10080.1.7	100
2024-1-16 20:42:35:812	WT901BLE67(D1376ACA69A3)	0.940	0.252	-0.274	-5.493	13.306	-8.911	146.48	-67.42	-107.34	-151.167	46.083	52.200	-0.56094	-0.34143	0.74365	-0.12503	24.4	10080.1.7	100
2024-1-16 20:42:35:950	WT901BLE67(D1376ACA69A3)	0.936	0.255	-0.240	-0.305	16.968	-9.583	142.02	-68.26	-102.78	-151.167	46.083	52.200	-0.56094	-0.34143	0.74365	-0.12503	24.4	10080.1.7	100
2024-1-16 20:42:35:992	WT901BLE67(D1376ACA69A3)	0.947	0.229	-0.198	-8.301	16.968	-10.315	136.75	-68.92	-97.61	-149.650	41.367	44.158	-0.56094	-0.34143	0.74365	-0.12503	24.4	10080.1.7	100
2024-1-16 20:42:36:113	WT901BLE67(D1376ACA69A3)	0.919	0.347	-0.157	-7.507	17.029	2.747	131.90	-69.76	-93.44	-149.650	41.367	44.158	-0.56094	-0.34143	0.74365	-0.12503	24.4	10080.1.7	100
2024-1-16 20:42:36:201	WT901BLE67(D1376ACA69A3)	0.958	0.296	-0.117	-0.793	24.658	13.672	128.67	-71.88	-90.31	-149.650	41.367	44.158	-0.61063	-0.34299	0.70435	-0.11517	24.4	10080.1.7	100
2024-1-16 20:42:36:330	WT901BLE67(D1376ACA69A3)	0.940	0.256	-0.061	8.484	34.180	18.860	125.06	-75.09	-86.02	-149.650	41.367	44.158	-0.61063	-0.34299	0.70435	-0.11517	24.4	10080.1.7	100
2024-1-16 20:42:36:412	WT901BLE67(D1376ACA69A3)	0.907	0.130	0.053	-13.489	55.847	-18.738	112.63	-77.08	-73.25	-145.442	43.717	36.033	-0.61063	-0.34299	0.70435	-0.11517	24.4	10080.1.7	100
2024-1-16 20:42:36:531	WT901BLE67(D1376ACA69A3)	0.865	0.291	0.112	-30.334	66.101	-29.480	84.62	-75.39	-46.91	-145.442	43.717	36.033	-0.61063	-0.34299	0.70435	-0.11517	24.4	10080.1.7	100
2024-1-16 20:42:36:624	WT901BLE67(D1376ACA69A3)	0.774	0.301	0.256	-39.734	113.281	-10.132	58.44	-70.61	-23.38	-145.442	43.717	36.033	-0.71280	-0.30536	0.61551	-0.14044	24.4	10080.1.7	100
2024-1-16 20:42:36:753	WT901BLE67(D1376ACA69A3)	1.209	0.221	0.419	-44.434	64.270	-2.869	36.02	-62.95	-3.52	-145.442	43.717	36.033	-0.71280	-0.30536	0.61551	-0.14044	24.4	10080.1.7	100
2024-1-16 20:42:36:802	WT901BLE67(D1376ACA69A3)	0.653	0.268	0.550	-70.496	42.603	-16.724	26.25	-57.65	1.40	-122.383	50.558	13.708	-0.71280	-0.30536	0.61551	-0.14044	24.4	10080.1.7	100
2024-1-16 20:42:36:923	WT901BLE67(D1376ACA69A3)	0.788	0.173	0.304	-35.645	14.038	-8.911	21.88	-56.14	-0.05	-122.383	50.558	13.708	-0.71280	-0.30536	0.61551	-0.14044	24.4	10080.1.7	100
2024-1-16 20:42:37:12	WT901BLE67(D1376ACA69A3)	0.749	0.469	0.704	-45.410	24.475	-16.113	18.75	-54.98	-2.15	-122.383	50.558	13.708	-0.86746	-0.16400	0.46164	-0.08600	24.4	10080.1.7	100
2024-1-16 20:42:37:172	WT901BLE67(D1376ACA69A3)	0.796	0.203	0.644	0.671	13.977	7.141	17.59	-53.38	-3.29	-122.383	50.558	13.708	-0.86746	-0.16400	0.46164	-0.08600	24.4	10080.1.7	100
2024-1-16 20:42:37:221	WT901BLE67(D1376ACA69A3)	0.813	0.139	0.618	1.160	11.902	5.066	16.94	-52.50	-1.91	-97.883	65.217	6.500	-0.86746	-0.16400	0.46164	-0.08600	24.4	10080.1.7	100
2024-1-16 20:42:37:350	WT901BLE67(D1376ACA69A3)	0.823	0.042	0.640	3.052	5.310	0.610	16.42	-51.93	-0.87	-97.883	65.217	6.500	-0.86746	-0.16400	0.46164	-0.08600	24.4	10080.1.7	100
2024-1-16 20:42:37:403	WT901BLE67(D1376ACA69A3)	0.819	0.360	0.759	-16.724	-3.174	12.573	13.91	-52.55	0.08	-97.883	65.217	6.500	-0.89053	-0.12381	0.43399	-0.05621	24.4	10080.1.7	100
2024-1-16 20:42:37:532	WT901BLE67(D1376ACA69A3)	0.711	0.317	0.605	46.631	-28.137	50.049	12.84	-54.64	2.81	-97.883	65.217	6.500	-0.89053	-0.12381	0.43399	-0.05621	24.4	10080.1.7	100
2024-1-16 20:42:37:612	WT901BLE67(D1376ACA69A3)	0.689	0.118	0.675	61.768	-29.846	58.411	11.18	-58.84	11.90	-94.833	66.892	7.633	-0.89053	-0.12381	0.43399	-0.05621	24.4	10080.1.7	100
2024-1-16 20:42:37:733	WT901BLE67(D1376ACA69A3)	0.820	-0.068	0.572	46.753	-16.296	44.434	8.64	-61.89	21.47	-94.833	66.892	7.633	-0.89053	-0.12381	0.43399	-0.05621	24.4	10080.1.7	100
2024-1-16 20:42:37:856	WT901BLE67(D1376ACA69A3)	0.864	-0.024	0.539	20.264	-4.272	17.700	5.93	-62.72	28.28	-94.833	66.892	7.633	-0.82932	-0.16220	0.49286	-0.20712	24.4	10080.1.7	100
2024-1-16 20:42:37:953	WT901BLE67(D1376ACA69A3)	0.884	-0.014	0.513	9.644	-4.883	7.324	4.92	-62.86	31.04	-94.833	66.892	7.633	-0.82932	-0.16220	0.49286	-0.20712	24.4	10080.1.7	100
2024-1-16 20:42:38:33	WT901BLE67(D1376ACA69A3)	0.910	0.003	0.500	-3.113	-7.202	-0.366	4.53	-63.19	31.73	-98.017	57.000	6.042	-0.82932	-0.16220	0.49286	-0.20712	24.4	10080.1.7	100
2024-1-16 20:42:38:157	WT901BLE67(D1376ACA69A3)	0.655	-0.009	0.496	-12.268	-16.479	5.310	3.46	-64.22	32.05	-98.017	57.000	6.042	-0.82932	-0.16220	0.49286	-0.20712	24.4	10080.1.7	100
2024-1-16 20:42:38:211	WT901BLE67(D1376ACA69A3)	0.816	0.134	0.517	-3.174	-5.432	-9.705	2.71	-65.46	31.70	-98.017	57.000	6.042	-0.80716	-0.16837	0.50885	-0.24722	24.4	10080.1.7	100
2024-1-16 20:42:38:332	WT901BLE67(D1376ACA69A3)	0.730	-0.021	0.505	-6.042	17.090	-20.508	5.64	-64.13	28.09	-98.017	57.000	6.042	-0.80716	-0.16837	0.50885	-0.24722	24.4	10080.1.7	100
2024-1-16 20:42:38:420	WT901BLE67(D1376ACA69A3)	0.958	0.110	0.479	-19.104	32.043	-25.146	8.59	-61.19	23.17	-100.125	58.200	7.583	-0.80716	-0.16837	0.50885	-0.24722	24.4	10080.1.7	100
2024-1-16 20:42:38:573	WT901BLE67(D1376ACA69A3)	0.857	-0.035	0.587	-32.104	27.405	-32.776	9.47	-57.38	19.57	-100.125	58.200	7.583	-0.80716	-0.16837	0.50885	-0.24722	24.4	10080.1.7	100
2024-1-16 20:42:38:633	WT901BLE67(D1376ACA69A3)	0.751	0.070	0.656	-47.546	12.634	-44.983	10.54	-54.55	13.26	-100.125	58.200	7.583	-0.85977	-0.14856	0.45471	-0.17853	24.4	10080.1.7	100
2024-1-16 20:42:38:751	WT901BLE67(D1376ACA69A3)	0.771	0.156	0.581	-49.805	4.395	-48.340	11.52	-53.06	5.86	-100.125	58.200	7.583	-0.85977	-0.14856	0.45471	-0.17853	24.4	10080.1.7	100
2024-1-16 20:42:38:812	WT901BLE67(D1376ACA69A3)	0.775	0.253	0.702	-42.419	3.479	-35.950	12.47	-51.84	-1.46	-94.967	65.008	8.258	-0.85977	-0.14856	0.45471	-0.17853	24.4	10080.1.7	100
2024-1-16 20:42:38:933	WT901BLE67(D1376ACA69A3)	0.749	0.196	0.577	-18.066	3.418	-22.278	13.22	-50.71	-6.05	-94.967	65.008	8.258	-0.85977	-0.14856	0.45471	-0.17853	24.4	10080.1.7	100
2024-1-16 20:42:39:19	WT901BLE67(D1376ACA69A3)	0.725	0.159	0.718	-10.559	-1.221	-14.832	14.00	-50.17	-8.49	-94.967	65.008	8.258	-0.89972	-0.08014	0.42886	0.00610	24.4	10080.1.7	100
2024-1-16 20:42:39:154	WT901BLE67(D1376ACA69A3)	0.795	0.139	0.650	-7.690	-3.174	-6.592	14.50	-50.02	-10.34	-94.967	65.008	8.258	-0.89972	-0.08014	0.42886	0.00610	24.4	10080.1.7	100
2024-1-16 20:42:39:233	WT901BLE67(D1376ACA69A3)	0.727	0.196	0.674	-4.944	-4.028	-5.005	14.51	-50.11	-11.27	-97.950	69.783	12.292	-0.89972	-0.08014	0.42886	0.00610	24.4	10080.1.7	100
2024-1-16 20:42:39:355	WT901BLE67(D1376ACA69A3)	0.770	0.111	0.662	-2.502	-6.592	-3.601	14.98	-50.67	-12.06	-97.950	69.783	12.292	-0.89972	-0.08014	0.42886	0.00610	24.4	10080.1.7	100
2024-1-16 20:42:39:456	WT901BLE67(D1376ACA69A3)	0.777	0.071	0.639	-19.287	-9.949	-12.085	15.02	-51.15	-13.60	-97.950	69.783	12.292	-0.89642	-0.07205	0.43533	0.04013	24.4	10080.1.7	100
2024-1-16 20:42:39:562	WT901BLE67(D1376ACA69A3)	0.752	0.090	0.647	-31.250	-13.794	-15.930	14.33	-51.88	-16.17	-97.950	69.783	12.292	-0.89642	-0.07205	0.43533	0.04013	24.4	10080.1.7	100
2024-1-16 20:42:39:623	WT901BLE67(D1376ACA69A3)	0.738	0.136	0.638	-33.569	-14.893	-17.700	13.50	-52.86	-19.36	-102.042	71.917	15.475	-0.89642	-0.07205	0.43533	0.04013	24.4	10080.1.7	100
2024-1-16 20:42:39:754	WT901BLE67(D1376ACA69A3)	0.755	0.154	0.604	-31.311	-12.451	-19.104	13.00	-53.66	-22.86	-102.042	71.917	15.475	-0.89642	-0.07205	0.43533	0.04013	24.4	10080.1.7	100
2024-1-16 20:42:39:831	WT901BLE67(D1376ACA69A3)	0.785	0.145	0.608	-22.949	-7.385	-15.686	12.93	-54.01	-26.05	-102.042	71.917	15.475	-0.87653	-0.00305	0.46124	0.13724	24.4	10080.1.7	100
2024-1-16 20:42:39:955	WT901BLE67(D1376ACA69A3)	0.812	0.177	0.594	-15.015	-5.188	-16.052	13.21	-53.98	-28.66	-102.042	71.917	15.475	-0.87653	-0.00305	0.46124	0.13724	24.4	10080.1.7	100
2024-1-16 20:42:40:59	WT901BLE67(D1376ACA69A3)	0.736	0.093	0.599	-9.277	-1.282	-10.681	13.80	-53.80	-30.67	-108.775	75.892	24.408	-0.87653	-0.00305	0.46124	0.13724	24.4	10080.1.7	100
2024-1-16 20:42:40:276	WT901BLE67(D1376ACA69A3)	0.791	0.197	0.583	-0.671	-4.028	-4.395	14.14	-53.90	-32.01	-108.775	75.892	24.408	-0.86523	0.01740	0.46280	0.19174	24.4	10080.1.7	100
2024-1-16 20:42:40:276	WT901BLE67(D1376ACA69A3)	0.748	0.156	0.572	7.324	-0.122	3.174	14.63	-53.84	-32.29	-108.775	75.892	24.408	-0.86523	0.01740	0.46280	0.19174	24.4	10080.1.7	100
2024-1-16 20:47:46:534	WT901BLE67(D1376ACA69A3)	-0.858	0.101	0.588	7.385	2.258	7.690	14.55	-53.83	-31.22	-108.775	75.892	24.408	-0.86523	0.01740	0.46280	0.19174	24.4	10080.1.7	100
2024-1-16 20:47:46:614	WT901BLE67(D1376ACA69A3)	-0.882	0.068	0.476	-5.188	2.747	-1.160	11.19	61.85	-98.72	-108.775	75.892	24.408	-0.86523	0.01740	0.46280	0.19174	24.4	10080.1.7	100
2024-1-16 20:47:46:734	WT901BLE67(D1376ACA69A3)	-0.875	0.094	0.471	-3.235	-1.404	-5.127	10.12	61.86	-99.38	-108.775	75.892	24.408	-0.86523	0.01740	0.46280	0.19174	24.4	10080.1.7	100
2024-1-16 20:47:46:822	WT901BLE67(D1376ACA69A3)	-0.899	0.049	0.473	0.305	-0.916	-4.883	9.00	61.80	-100.52	50.783	62.700	94.733	-0.86523	0.01740	0.46280	0.19174	24.4	10080.1.7	100
2024-1-16 20:47:46:914	WT901BLE67(D1376ACA69A3)	-0.895	0.062	0.479	2.075	0.977	-2.197	8.37	61.84	-101.30	50.783	62.700	94.733	-0.86523	0.01740	0.46280	0.19174	24.4	10080.1.7	100
2024-1-16 20:47:47:3	WT901BLE67(D1376ACA69A3)	-0.894	0.045	0.477	1.831	2.930	0.854	8.45	62.08	-101.46	50.783	62.700	94.733	-0.86523	0.01740	0.46280	0.19174	24.4	10080.1.7	100
2024-1-16 20:47:47:154	WT901BLE67(D1376ACA69A3)	-0.894	0.029	0.466	0.427	3.052	2.014	8.87	62.37	-101.15	50.783	62.700	94.733	-0.86523	0.01740	0.46280	0.19174	24.4	10080.1.7	100
2024-1-16 20:47:47:214	WT901BLE67(D1376ACA69A3)	-0.868	0.054	0.465	0.610	2.380	1.038	9.12	62.66	-100.88	50.783	62.700	94.733	-0.86523	0.01740	0.46280	0.19174	25.5	10080.1.7	100
2024-1-16 20:47:47:349	WT901BLE67(D1376ACA69A3)	-0.893	0.042	0.453	-0.305	3.540	0.977	9.38	62.98	-100.62	50.783	62.700	94.733	-0.86523	0.01740	0.46280	0.19174	25.5	10080.1.7	100
2024-1-16 20:47:47:395	WT901BLE67(D1376ACA69A3)	-0.893	0.063	0.457	0.000	0.916	-0.793	9.37	63.14	-100.55	50.783	62.700	94.733	-0.86523	0.01740	0.46280	0.19174	25.5	10080.1.7	100
2024-1-16 20:47:47:516	WT901BLE67(D1376ACA69A3)	-0.901	0.053	0.452	-0.854	-0.061	-0.122	9.21	63.18	-100.65	50.783	62.700	94.733	-0.86523	0.01740	0.46280	0.19174	25.5	10080.1.7	100
2024-1-16 20:47:47:604	WT901BLE67(D1376ACA69A3)	-0.896	0.061	0.453	-0.854	-0.183	0.366	9.07	63.14	-100.68	50.783	62.700	94.733	-0.86523	0.01740	0.46280	0.19174	25.5	10080.1.7	100
2024-1-16 20:47:47:725	WT901BLE67(D1376ACA69A3)	-0.884	0.067	0.454	-0.305	0.305	-0.122	9.02	63.16	-100.65	50.783	62.700	94.733	-0.50980	-0.44522	-0.28091	0.68033	25.5	10080.1.7	100
2024-1-16 20:47:47:813	WT901BLE67(D1376ACA69A3)	-0.900	0.042	0.455	-1.465	-0.183	1.282	9.03	63.17	-100.60	51.767	63.008	95.458	-0.50980	-0.44522	-0.28091	0.68033	25.5	10080.1.7	100
2024-1-16 20:47:47:934	WT901BLE67(D1376ACA69A3)	-0.904	0.061	0.453	-1.099	-1.831	1.404	9.07	63.00	-100.33	51.767	63.008	95.458	-0.50980	-0.44522	-0.28091	0.68033	25.5	10080.1.7	100
2024-1-16 20:47:48:320	WT901BLE67(D1376ACA69A3)	-0.898	0.061	0.458	-1.343	-0.854	1.038	9.10	62.84	-100.15	51.767	63.008	95.458	-0.51349	-0.44247	-0.28156	0.67908	25.5	10080.1.7	100
2024-1-16 20:47:48:321	WT901BLE67(D1376ACA69A3)	-0.901	0.066	0.455	-0.488	0.061	-0.366	9.01	62.84	-100.14	51.775	63.200	95.267	-0.51349	-0.44247	-0.28156	0.67908	25.5	10080.1.7	100
2024-1-16 20:47:48:321	WT901BLE67(D1376ACA69A3)	-0.842	0.063	0.452	-0.244	0.244	-0.916	8.80	62.89	-100.35	51.775	63.200	95.267	-0.51349	-0.44247	-0.28156	0.67908	25.5	10080.1.7	100
2024-1-16 20:47:48:323	WT901BLE67(D1376ACA69A3)	-0.868	0.015	0.462	-5.066	-1.282	-0.854	8.51	62.96	-100.50	51.775	63.200	95.267	-0.51349	-0.44247	-0.28156	0.67908	25.5	10080.1.7	100
2024-1-16 20:47:48:413	WT901BLE67(D1376ACA69A3)	-0.863	0.111	0.450	-9.399	-6.775	-4.761	7.08	62.45	-101.10	51.775	63.200	95.267	-0.51349	-0.44247	-0.28156	0.67908	25.5	10080.1.7	100
2024-1-16 20:47:48:534	WT901BLE67(D1376ACA69A3)	-0.839	0.096	0.468	7.507	-17.334	-16.235	4.83	61.23	-103.66	51.775	63.200	95.267	-0.51669	-0.42633	-0.28802	0.68427	25.5	10080.1.7	100
2024-1-16 20:47:48:624	WT901BLE67(D1376ACA69A3)	-0.864	0.006	0.481	1.892	-17.639	-10.803	2.87	59.56	-106.63	51.775	63.200	95.267	-0.51669	-0.42633	-0.28802	0.68427	25.5	10080.1.7	100
2024-1-16 20:47:48:751	WT901BLE67(D1376ACA69A3)	-0.801	0.006	0.550	2.991	-18.372	-12.207	1.24	57.66	-108.88	47.450	65.217	93.600	-0.51669	-0.42633	-0.28802	0.68427	25.5	10080.1.7	100
2024-1-16 20:47:48:804	WT901BLE67(D1376ACA69A3)	-0.870	-0.017	0.564	5.737	-18.311	-14.160	-0.40	55.98	-111.40	47.450	65.217	93.600	-0.51669	-0.42633	-0.28802	0.68427	25.5	10080.1.7	100
2024-1-16 20:47:48:925	WT901BLE67(D1376ACA69A3)	-0.837	0.004	0.609	5.310	-13.306	-12.573	-1.80	54.21	-113.76	47.450	65.217	93.600	-0.51669	-0.42633	-0.28802	0.68427	25.5	10080.1.7	100
2024-1-16 20:47:49:17	WT901BLE67(D1376ACA69A3)	-0.774	0.278	0.599	40.588	-10.376	-36.804	-2.64	53.05	-117.28	47.450	65.217	93.600	-0.49561	-0.37933	-0.26340	0.73550	25.5	10080.1.7	100
2024-1-16 20:47:49:155	WT901BLE67(D1376ACA69A3)	-0.632	0.275	0.646	87.830	3.296	-46.875	-1.51	52.61	-124.34	37.767	64.567	89.117	-0.49561	-0.37933	-0.26340	0.73550	25.5	10080.1.7	100
2024-1-16 20:47:49:227	WT901BLE67(D1376ACA69A3)	-0.757	-0.276	0.851	96.619	-5.676	-53.528	2.52	52.89	-132.02	37.767	64.567	89.117	-0.49561	-0.37933	-0.26340	0.73550	25.5	10080.1.7	100
2024-1-16 20:47:49:360	WT901BLE67(D1376ACA69A3)	-0.787	-0.187	0.626	49.255	-1.282	-39.246	2.73	52.62	-141.10	37.767	64.567	89.117	-0.30771	-0.42236	-0.13562	0.84167	25.5	10080.1.7	100
2024-1-16 20:47:49:436	WT901BLE67(D1376ACA69A3)	-0.777	-0.116	0.644	32.959	-1.526	-26.794	1.80	52.42	-147.02	37.767	64.567	89.117	-0.30771	-0.42236	-0.13562	0.84167	25.5	10080.1.7	100
2024-1-16 20:47:49:565	WT901BLE67(D1376ACA69A3)	-0.783	0.007	0.619	16.785	0.061	-9.827	1.60	52.42	-150.02	37.767	64.567	89.117	-0.30771	-0.42236	-0.13562	0.84167	25.5	10080.1.7	100
2024-1-16 20:47:49:617	WT901BLE67(D1376ACA69A3)	-0.795	0.002	0.647	19.836	-1.099	-13.672	1.81	52.31	-151.93	30.958	46.750	92.508	-0.30771	-0.42236	-0.13562	0.84167	25.5	10080.1.7	100
2024-1-16 20:47:49:760	WT901BLE67(D1376ACA69A3)	-0.769	-0.095	0.653	9.827	3.357	-8.057	1.73	52.47	-154.02	30.958	46.750	92.508	-0.30771	-0.42236	-0.13562	0.84167	25.5	10080.1.7	100
2024-1-16 20:47:49:827	WT901BLE67(D1376ACA69A3)	-0.810	-0.010	0.629	-1.282	3.418	2.441	1.57	52.89	-154.44	30.958	46.750	92.508	-0.19662	-0.43317	-0.08658	0.87527	25.5	10080.1.7	100
2024-1-16 20:47:49:964	WT901BLE67(D1376ACA69A3)	-0.801	-0.037	0.610	-5.981	4.700	7.324	1.68	53.22	-153.92	30.958	46.750	92.508	-0.19662	-0.43317	-0.08658	0.87527	25.5	10080.1.7	100
2024-1-16 20:47:50:57	WT901BLE67(D1376ACA69A3)	-0.744	-0.020	0.611	-13.489	3.845	14.282	1.96	53.64	-152.24	31.600	42.467	92.658	-0.19662	-0.43317	-0.08658	0.87527	25.5	10080.1.7	100
2024-1-16 20:47:50:161	WT901BLE67(D1376ACA69A3)	-0.790	0.025	0.589	-26.428	1.709	21.851	2.48	53.86	-148.74	31.600	42.467	92.658	-0.19662	-0.43317	-0.08658	0.87527	25.5	10080.1.7	100
2024-1-16 20:47:50:216	WT901BLE67(D1376ACA69A3)	-0.836	0.132	0.610	-10.010	-5.432	1.465	2.02	53.46	-146.94	31.600	42.467	92.658	-0.23059	-0.44125	-0.10333	0.86099	25.5	10080.1.7	100
2024-1-16 20:47:50:361	WT901BLE67(D1376ACA69A3)	-0.788	-0.021	0.615	-9.277	-6.470	-5.127	0.90	52.78	-147.49	31.600	42.467	92.658	-0.23059	-0.44125	-0.10333	0.86099	25.5	10080.1.7	100
2024-1-16 20:47:50:427	WT901BLE67(D1376ACA69A3)	-0.789	0.056	0.625	-4.517	-8.545	-10.620	-0.51	52.13	-148.00	31.833	47.017	92.125	-0.23059	-0.44125	-0.10333	0.86099	25.5	10080.1.7	100
2024-1-16 20:47:50:560	WT901BLE67(D1376ACA69A3)	-0.787	-0.044	0.615	-9.399	-4.639	-5.615	-2.02	51.52	-149.12	31.833	47.017	92.125	-0.23059	-0.44125	-0.10333	0.86099	25.5	10080.1.7	100
2024-1-16 20:47:50:663	WT901BLE67(D1376ACA69A3)	-0.775	-0.056	0.651	-11.414	-2.869	2.747	-3.08	51.19	-149.15	31.833	47.017	92.125	-0.24707	-0.41522	-0.13016	0.86572	25.5	10080.1.7	100
2024-1-16 20:47:50:762	WT901BLE67(D1376ACA69A3)	-0.750	-0.060	0.636	-15.503	0.000	8.057	-3.78	51.18	-148.30	31.833	47.017	92.125	-0.24707	-0.41522	-0.13016	0.86572	25.5	10080.1.7	100
2024-1-16 20:47:50:857	WT901BLE67(D1376ACA69A3)	-0.750	-0.014	0.646	-15.503	-3.296	9.644	-4.19	51.09	-146.72	30.217	51.125	92.467	-0.24707	-0.41522	-0.13016	0.86572	25.5	10080.1.7	100
2024-1-16 20:47:50:965	WT901BLE67(D1376ACA69A3)	-0.752	-0.022	0.641	-9.766	-4.578	6.409	-4.40	50.70	-145.42	30.217	51.125	92.467	-0.24707	-0.41522	-0.13016	0.86572	25.5	10080.1.7	100
2024-1-16 20:47:51:25	WT901BLE67(D1376ACA69A3)	-0.761	-0.020	0.657	-6.470	-5.676	6.409	-4.31	50.15	-144.31	30.217	51.125	92.467	-0.28452	-0.39792	-0.16043	0.85724	25.5	10080.1.7	100
2024-1-16 20:47:51:159	WT901BLE67(D1376ACA69A3)	-0.796	-0.017	0.652	-2.625	-4.883	5.615	-3.88	49.65	-143.23	30.217	51.125	92.467	-0.28452	-0.39792	-0.16043	0.85724	25.5	10080.1.7	100
2024-1-16 20:47:51:255	WT901BLE67(D1376ACA69A3)	-0.736	-0.041	0.657	-0.305	0.061	3.113	-3.45	49.43	-142.60	29.075	54.458	93.125	-0.28452	-0.39792	-0.16043	0.85724	25.5	10080.1.7	100
2024-1-16 20:47:51:363	WT901BLE67(D1376ACA69A3)	-0.766	-0.022	0.659	-0.427	0.244	2.625	-3.19	49.50	-142.19	29.075	54.458	93.125	-0.28452	-0.39792	-0.16043	0.85724	25.5	10080.1.7	100
2024-1-16 20:47:51:478	WT901BLE67(D1376ACA69A3)	-0.760	-0.028	0.653	1.831	2.258	0.977	-2.88	49.63	-142.00	29.075	54.458	93.125	-0.30499	-0.38776	-0.15952	0.85501	25.5	10080.1.7	100
2024-1-16 20:47:51:563	WT901BLE67(D1376ACA69A3)	-0.762	-0.013	0.649	2.686	2.380	0.732	-2.59	49.86	-141.93	29.075	54.458	93.125	-0.30499	-0.38776	-0.15952	0.85501	25.5	10080.1.7	100
2024-1-16 20:47:51:624	WT901BLE67(D1376ACA69A3)	-0.765	-0.009	0.657	5.493	1.953	-0.916	-2.15	50.06	-141.94	28.958	54.217	93.208	-0.30499	-0.38776	-0.15952	0.85501	25.5	10080.1.7	100
2024-1-16 20:47:51:759	WT901BLE67(D1376ACA69A3)	-0.782	-0.043	0.644	4.028	2.625	-0.183	-1.72	50.29	-142.09	28.958	54.217	93.208	-0.30499	-0.38776	-0.15952	0.85501	25.5	10080.1.7	100
2024-1-16 20:47:51:836	WT901BLE67(D1376ACA69A3)	-0.772	-0.028	0.640	0.977	3.052	0.305	-1.55	50.55	-142.10	28.958	54.217	93.208	-0.29993	-0.39764	-0.15076	0.85385	25.5	10080.1.7	100
2024-1-16 20:47:51:981	WT901BLE67(D1376ACA69A3)	-0.776	-0.021	0.646	-0.244	2.991	-0.732	-1.60	50.86	-142.16	28.958	54.217	93.208	-0.29993	-0.39764	-0.15076	0.85385	25.5	10080.1.7	100
2024-1-16 20:47:52:55	WT901BLE67(D1376ACA69A3)	-0.748	-0.020	0.640	-0.061	5.981	-2.136	-1.86	51.35	-142.47	29.958	53.000	93.300	-0.29993	-0.39764	-0.15076	0.85385	25.5	10080.1.7	100
2024-1-16 20:47:52:166	WT901BLE67(D1376ACA69A3)	-0.795	-0.022	0.614	-1.282	-1.160	-1.587	-2.18	51.48	-142.75	29.958	53.000	93.300	-0.29993	-0.39764	-0.15076	0.85385	25.5	10080.1.7	100
2024-1-16 20:47:52:262	WT901BLE67(D1376ACA69A3)	-0.762	-0.021	0.644	-0.244	-1.343	-1.160	-2.43	51.21	-142.97	29.958	53.000	93.300	-0.29544	-0.40607	-0.15485	0.85071	25.5	10080.1.7	100
2024-1-16 20:47:52:376	WT901BLE67(D1376ACA69A3)	-0.803	-0.034	0.621	-1.526	-1.648	0.427	-2.53	51.11	-142.97	29.958	53.000	93.300	-0.29544	-0.40607	-0.15485	0.85071	25.5	10080.1.7	100
2024-1-16 20:47:52:436	WT901BLE67(D1376ACA69A3)	-0.751	-0.023	0.644	-0.977	0.977	1.587	-2.55	51.04	-142.81	30.542	53.325	93.400	-0.29544	-0.40607	-0.15485	0.85071	25.5	10080.1.7	100
2024-1-16 20:47:52:560	WT901BLE67(D1376ACA69A3)	-0.762	-0.038	0.619	-3.174	0.183	3.235	-2.46	51.19	-142.42	30.542	53.325	93.400	-0.29544	-0.40607	-0.15485	0.85071	25.5	10080.1.7	100
2024-1-16 20:47:52:660	WT901BLE67(D1376ACA69A3)	-0.783	-0.063	0.637	-5.676	-2.319	5.249	-2.45	51.04	-141.82	30.542	53.325	93.400	-0.29968	-0.40247	-0.15759	0.85043	25.5	10080.1.7	100
2024-1-16 20:47:52:766	WT901BLE67(D1376ACA69A3)	-0.788	-0.050	0.642	-11.841	-0.916	12.268	-2.28	50.88	-140.33	30.542	53.325	93.400	-0.29968	-0.40247	-0.15759	0.85043	25.5	10080.1.7	100
2024-1-16 20:47:52:856	WT901BLE67(D1376ACA69A3)	-0.801	-0.012	0.630	-10.925	1.343	13.367	-1.87	50.92	-138.23	30.575	54.333	93.567	-0.29968	-0.40247	-0.15759	0.85043	25.5	10080.1.7	100
2024-1-16 20:47:52:976	WT901BLE67(D1376ACA69A3)	-0.805	-0.042	0.642	-11.719	3.723	13.855	-1.38	51.20	-136.24	30.575	54.333	93.567	-0.29968	-0.40247	-0.15759	0.85043	25.5	10080.1.7	100
2024-1-16 20:47:53:35	WT901BLE67(D1376ACA69A3)	-0.802	0.015	0.616	-12.695	7.568	15.930	-0.80	51.85	-133.82	30.575	54.333	93.567	-0.34082	-0.39685	-0.17108	0.83484	25.5	10080.1.7	100
2024-1-16 20:47:53:166	WT901BLE67(D1376ACA69A3)	-0.823	0.038	0.604	-6.897	10.010	13.611	0.11	52.76	-131.36	30.575	54.333	93.567	-0.34082	-0.39685	-0.17108	0.83484	25.5	10080.1.7	100
2024-1-16 20:47:53:258	WT901BLE67(D1376ACA69A3)	-0.820	0.054	0.598	1.038	12.268	8.667	1.40	53.85	-129.36	33.108	57.033	94.242	-0.34082	-0.39685	-0.17108	0.83484	25.5	10080.1.7	100
2024-1-16 20:47:53:366	WT901BLE67(D1376ACA69A3)	-0.763	-0.006	0.559	-2.991	13.245	9.644	2.71	55.10	-127.90	33.108	57.033	94.242	-0.34082	-0.39685	-0.17108	0.83484	25.5	10080.1.7	100
2024-1-16 20:47:53:456	WT901BLE67(D1376ACA69A3)	-0.813	0.169	0.565	1.953	7.935	5.859	3.76	56.18	-126.17	33.108	57.033	94.242	-0.38049	-0.42661	-0.18478	0.79935	25.5	10080.1.7	100
2024-1-16 20:47:53:576	WT901BLE67(D1376ACA69A3)	-0.832	0.066	0.550	18.799	0.427	-6.592	4.99	56.45	-126.14	33.108	57.033	94.242	-0.38049	-0.42661	-0.18478	0.79935	25.5	10080.1.7	100
2024-1-16 20:47:53:665	WT901BLE67(D1376ACA69A3)	-0.814	0.031	0.539	10.254	-0.427	-7.324	5.46	56.43	-127.45	38.050	55.942	94.442	-0.38049	-0.42661	-0.18478	0.79935	25.5	10080.1.7	100
2024-1-16 20:47:53:783	WT901BLE67(D1376ACA69A3)	-0.818	0.029	0.560	7.996	-2.625	-9.949	5.13	56.32	-128.90	38.050	55.942	94.442	-0.38049	-0.42661	-0.18478	0.79935	25.5	10080.1.7	100
2024-1-16 20:47:53:861	WT901BLE67(D1376ACA69A3)	-0.853	0.012	0.559	3.906	-5.371	-11.841	4.05	55.98	-130.94	38.050	55.942	94.442	-0.36029	-0.44229	-0.16760	0.80396	25.5	10080.1.7	100
2024-1-16 20:47:53:966	WT901BLE67(D1376ACA69A3)	-0.837	-0.046	0.567	-5.249	-4.150	-7.080	2.46	55.48	-132.91	38.050	55.942	94.442	-0.36029	-0.44229	-0.16760	0.80396	25.5	10080.1.7	100
2024-1-16 20:47:54:63	WT901BLE67(D1376ACA69A3)	-0.834	0.008	0.579	-11.230	0.000	1.587	1.11	55.35	-133.43	36.617	54.083	94.008	-0.36029	-0.44229	-0.16760	0.80396	25.5	10080.1.7	100
2024-1-16 20:47:54:176	WT901BLE67(D1376ACA69A3)	-0.869	-0.021	0.585	-11.230	0.000	4.578	0.40	55.45	-132.97	36.617	54.083	94.008	-0.36029	-0.44229	-0.16760	0.80396	25.5	10080.1.7	100
2024-1-16 20:47:54:264	WT901BLE67(D1376ACA69A3)	-0.847	-0.068	0.568	-18.616	6.836	12.878	0.05	55.78	-131.69	36.617	54.083	94.008	-0.35355	-0.42725	-0.18439	0.81140	25.5	10080.1.7	100
2024-1-16 20:47:54:382	WT901BLE67(D1376ACA69A3)	-0.833	-0.046	0.572	-25.330	12.939	22.400	0.29	56.87	-128.67	36.617	54.083	94.008	-0.35355	-0.42725	-0.18439	0.81140	25.5	10080.1.7	100
2024-1-16 20:47:54:456	WT901BLE67(D1376ACA69A3)	-0.824	0.022	0.564	-31.677	13.123	29.358	1.42	58.18	-123.84	37.975	58.075	95.417	-0.35355	-0.42725	-0.18439	0.81140	25.5	10080.1.7	100
2024-1-16 20:47:54:565	WT901BLE67(D1376ACA69A3)	-0.937	0.049	0.521	-24.536	14.160	22.888	2.95	59.48	-118.66	37.975	58.075	95.417	-0.35355	-0.42725	-0.18439	0.81140	25.5	10080.1.7	100
2024-1-16 20:47:54:661	WT901BLE67(D1376ACA69A3)	-0.838	0.088	0.486	-22.217	15.747	20.203	4.44	60.61	-114.29	37.975	58.075	95.417	-0.44006	-0.43942	-0.23840	0.74585	25.5	10080.1.7	100
2024-1-16 20:47:54:775	WT901BLE67(D1376ACA69A3)	-0.900	0.123	0.454	-5.737	17.456	12.146	6.34	62.35	-110.49	37.975	58.075	95.417	-0.44006	-0.43942	-0.23840	0.74585	25.5	10080.1.7	100
2024-1-16 20:47:54:865	WT901BLE67(D1376ACA69A3)	-0.906	0.051	0.433	-3.418	14.832	11.841	8.65	63.63	-107.56	46.783	61.742	98.383	-0.44006	-0.43942	-0.23840	0.74585	25.5	10080.1.7	100
2024-1-16 20:47:54:986	WT901BLE67(D1376ACA69A3)	-0.867	0.103	0.416	-3.784	12.939	12.390	11.33	64.76	-104.09	46.783	61.742	98.383	-0.44006	-0.43942	-0.23840	0.74585	25.5	10080.1.7	100
2024-1-16 20:47:55:76	WT901BLE67(D1376ACA69A3)	-0.917	0.106	0.411	-1.221	5.615	9.094	13.79	65.45	-101.10	46.783	61.742	98.383	-0.47665	-0.47366	-0.26260	0.69235	25.5	10080.1.7	100
2024-1-16 20:47:55:196	WT901BLE67(D1376ACA69A3)	-0.915	0.133	0.399	-1.038	4.028	6.775	15.52	65.56	-99.01	46.783	61.742	98.383	-0.47665	-0.47366	-0.26260	0.69235	25.5	10080.1.7	100
2024-1-16 20:47:55:256	WT901BLE67(D1376ACA69A3)	-0.903	0.098	0.396	0.000	3.845	4.028	16.79	65.78	-97.66	52.308	59.833	100.733	-0.47665	-0.47366	-0.26260	0.69235	25.5	10080.1.7	100
2024-1-16 20:47:55:377	WT901BLE67(D1376ACA69A3)	-0.928	0.104	0.387	-3.479	0.427	3.601	17.47	65.85	-96.67	52.308	59.833	100.733	-0.47665	-0.47366	-0.26260	0.69235	25.5	10080.1.7	100
2024-1-16 20:47:55:465	WT901BLE67(D1376ACA69A3)	-0.921	0.133	0.381	-5.127	-0.183	3.906	17.64	65.70	-95.99	52.308	59.833	100.733	-0.49139	-0.48550	-0.26230	0.67371	25.5	10080.1.7	100
2024-1-16 20:47:55:585	WT901BLE67(D1376ACA69A3)	-0.945	0.149	0.394	-3.174	-0.427	1.465	17.74	65.64	-95.41	52.308	59.833	100.733	-0.49139	-0.48550	-0.26230	0.67371	25.5	10080.1.7	100
2024-1-16 20:47:55:676	WT901BLE67(D1376ACA69A3)	-0.934	0.140	0.378	-0.122	0.366	0.549	17.80	65.61	-95.16	56.033	55.692	108.608	-0.49139	-0.48550	-0.26230	0.67371	25.5	10080.1.7	100
2024-1-16 20:47:55:796	WT901BLE67(D1376ACA69A3)	-0.924	0.131	0.370	-0.183	-0.122	0.000	17.90	65.73	-95.03	56.033	55.692	108.608	-0.49139	-0.48550	-0.26230	0.67371	25.5	10080.1.7	100
2024-1-16 20:47:55:856	WT901BLE67(D1376ACA69A3)	-0.909	0.134	0.384	0.732	0.732	-1.038	17.88	65.82	-95.08	56.033	55.692	108.608	-0.49139	-0.48550	-0.26230	0.67371	25.5	10080.1.7	100
2024-1-16 20:47:55:976	WT901BLE67(D1376ACA69A3)	-0.895	0.096	0.386	0.000	0.732	0.305	17.90	66.01	-95.18	56.033	55.692	108.608	-0.49792	-0.48383	-0.26593	0.66867	25.5	10080.1.7	100
2024-1-16 20:47:56:63	WT901BLE67(D1376ACA69A3)	-0.937	0.119	0.396	-5.737	-6.531	4.761	17.94	65.57	-94.76	56.033	55.692	108.608	-0.49792	-0.48383	-0.26593	0.66867	25.5	10080.1.7	100
2024-1-16 20:47:56:186	WT901BLE67(D1376ACA69A3)	-0.881	0.137	0.405	-5.066	-7.874	3.601	17.66	64.63	-94.44	57.258	54.442	111.425	-0.49792	-0.48383	-0.26593	0.66867	25.5	10080.1.7	100
2024-1-16 20:47:56:275	WT901BLE67(D1376ACA69A3)	-0.887	0.144	0.424	-6.287	-10.315	4.028	17.30	63.78	-94.22	57.258	54.442	111.425	-0.50955	-0.47308	-0.26279	0.66885	25.5	10080.1.7	100
2024-1-16 20:47:56:395	WT901BLE67(D1376ACA69A3)	-0.906	0.139	0.443	-4.456	-12.146	2.991	16.83	62.55	-94.21	57.258	54.442	111.425	-0.50955	-0.47308	-0.26279	0.66885	25.5	10080.1.7	100
2024-1-16 20:47:56:484	WT901BLE67(D1376ACA69A3)	-0.892	0.166	0.454	-1.648	-9.888	-1.587	15.97	61.46	-94.78	54.775	54.867	108.967	-0.50955	-0.47308	-0.26279	0.66885	25.5	10080.1.7	100
2024-1-16 20:47:56:607	WT901BLE67(D1376ACA69A3)	-0.888	0.083	0.480	-2.502	-5.554	-1.953	15.27	60.90	-95.56	54.775	54.867	108.967	-0.50955	-0.47308	-0.26279	0.66885	25.5	10080.1.7	100
2024-1-16 20:47:56:666	WT901BLE67(D1376ACA69A3)	-0.887	0.133	0.475	-6.653	-4.272	1.343	14.43	60.47	-95.91	54.775	54.867	108.967	-0.50955	-0.47308	-0.26279	0.66885	25.5	10080.1.7	100
2024-1-16 20:47:56:788	WT901BLE67(D1376ACA69A3)	-0.888	0.141	0.485	-2.808	-0.427	3.052	14.34	60.26	-95.48	54.775	54.867	108.967	-0.52481	-0.44727	-0.25290	0.67856	25.5	10080.1.7	100
2024-1-16 20:47:56:876	WT901BLE67(D1376ACA69A3)	-0.866	0.157	0.482	2.747	3.235	3.906	15.13	60.41	-94.64	54.775	54.867	108.967	-0.52481	-0.44727	-0.25290	0.67856	25.5	10080.1.7	100
2024-1-16 20:47:56:995	WT901BLE67(D1376ACA69A3)	-0.878	0.134	0.479	3.052	4.395	3.784	16.33	60.78	-93.66	52.517	56.417	106.592	-0.52481	-0.44727	-0.25290	0.67856	25.5	10080.1.7	100
2024-1-16 20:47:57:86	WT901BLE67(D1376ACA69A3)	-0.877	0.143	0.464	3.601	2.441	1.770	17.25	61.01	-93.00	52.517	56.417	106.592	-0.53149	-0.45142	-0.25247	0.67075	25.5	10080.1.7	100
2024-1-16 20:47:57:206	WT901BLE67(D1376ACA69A3)	-0.874	0.146	0.464	1.770	0.732	0.732	17.83	61.12	-92.60	52.517	56.417	106.592	-0.53149	-0.45142	-0.25247	0.67075	25.5	10080.1.7	100
2024-1-16 20:47:57:265	WT901BLE67(D1376ACA69A3)	-0.884	0.143	0.455	-0.061	1.404	0.183	18.03	61.20	-92.45	52.517	56.417	106.592	-0.53149	-0.45142	-0.25247	0.67075	25.5	10080.1.7	100
2024-1-16 20:47:57:386	WT901BLE67(D1376ACA69A3)	-0.887	0.146	0.455	-1.465	2.441	-0.366	18.02	61.40	-92.36	53.425	54.858	106.975	-0.53149	-0.45142	-0.25247	0.67075	25.5	10080.1.7	100
2024-1-16 20:47:57:475	WT901BLE67(D1376ACA69A3)	-0.883	0.161	0.454	-1.099	1.831	-0.549	17.90	61.61	-92.31	53.425	54.858	106.975	-0.53149	-0.45142	-0.25247	0.67075	25.5	10080.1.7	100
2024-1-16 20:47:57:596	WT901BLE67(D1376ACA69A3)	-0.881	0.161	0.452	1.526	1.404	-0.854	17.94	61.78	-92.31	53.425	54.858	106.975	-0.53027	-0.45721	-0.25284	0.66760	25.5	10080.1.7	100
2024-1-16 20:47:57:685	WT901BLE67(D1376ACA69A3)	-0.900	0.130	0.449	0.854	0.793	-1.587	17.93	61.93	-92.53	53.425	54.858	106.975	-0.53027	-0.45721	-0.25284	0.66760	25.5	10080.1.7	100
2024-1-16 20:47:57:807	WT901BLE67(D1376ACA69A3)	-0.882	0.153	0.443	-0.427	0.549	-1.465	17.64	62.02	-92.83	54.175	54.825	107.683	-0.53027	-0.45721	-0.25284	0.66760	25.5	10080.1.7	100
2024-1-16 20:47:57:895	WT901BLE67(D1376ACA69A3)	-0.907	0.142	0.437	-0.244	0.549	-0.916	17.51	62.12	-92.96	54.175	54.825	107.683	-0.52634	-0.45947	-0.25623	0.66791	25.5	10080.1.7	100
2024-1-16 20:47:58:17	WT901BLE67(D1376ACA69A3)	-0.896	0.151	0.447	1.465	0.427	-1.343	17.41	62.16	-93.17	54.175	54.825	107.683	-0.52634	-0.45947	-0.25623	0.66791	25.5	10080.1.7	100
2024-1-16 20:47:58:75	WT901BLE67(D1376ACA69A3)	-0.890	0.126	0.448	1.465	-0.427	-1.099	17.40	62.22	-93.36	54.175	54.825	107.683	-0.52634	-0.45947	-0.25623	0.66791	25.5	10080.1.7	100
2024-1-16 20:47:58:197	WT901BLE67(D1376ACA69A3)	-0.891	0.139	0.445	-0.305	0.854	1.038	17.46	62.28	-93.30	54.150	54.950	108.025	-0.52634	-0.45947	-0.25623	0.66791	25.5	10080.1.7	100
2024-1-16 20:47:58:285	WT901BLE67(D1376ACA69A3)	-0.896	0.139	0.444	-0.244	0.916	1.831	17.72	62.32	-92.98	54.150	54.950	108.025	-0.52634	-0.45947	-0.25623	0.66791	25.5	10080.1.7	100
2024-1-16 20:47:58:405	WT901BLE67(D1376ACA69A3)	-0.888	0.143	0.439	-0.244	0.854	1.648	18.05	62.38	-92.59	54.150	54.950	108.025	-0.52380	-0.46112	-0.25635	0.66870	25.5	10080.1.7	100
2024-1-16 20:47:58:498	WT901BLE67(D1376ACA69A3)	-0.888	0.147	0.440	0.000	0.305	0.244	18.23	62.46	-92.36	54.150	54.950	108.025	-0.52380	-0.46112	-0.25635	0.66870	25.5	10080.1.7	100
2024-1-16 20:47:58:617	WT901BLE67(D1376ACA69A3)	-0.892	0.156	0.439	0.732	0.732	-0.366	18.31	62.54	-92.29	54.517	54.717	108.200	-0.52380	-0.46112	-0.25635	0.66870	25.5	10080.1.7	100
2024-1-16 20:47:58:673	WT901BLE67(D1376ACA69A3)	-0.883	0.156	0.442	2.747	0.549	-1.831	18.36	62.64	-92.45	54.517	54.717	108.200	-0.52380	-0.46112	-0.25635	0.66870	25.5	10080.1.7	100
2024-1-16 20:47:58:794	WT901BLE67(D1376ACA69A3)	-0.907	0.134	0.439	1.160	0.854	-1.892	18.29	62.81	-92.76	54.517	54.717	108.200	-0.52429	-0.46432	-0.25684	0.66589	25.5	10080.1.7	100
2024-1-16 20:47:58:883	WT901BLE67(D1376ACA69A3)	-0.897	0.143	0.435	-0.183	0.122	-0.793	18.07	62.84	-93.03	54.517	54.717	108.200	-0.52429	-0.46432	-0.25684	0.66589	25.5	10080.1.7	100
2024-1-16 20:47:59:7	WT901BLE67(D1376ACA69A3)	-0.905	0.143	0.435	-0.183	0.610	-0.549	17.96	62.93	-93.12	54.875	54.542	108.333	-0.52429	-0.46432	-0.25684	0.66589	25.5	10080.1.7	100
2024-1-16 20:47:59:94	WT901BLE67(D1376ACA69A3)	-0.894	0.143	0.431	-0.916	1.343	-0.183	17.87	63.05	-93.17	54.875	54.542	108.333	-0.52429	-0.46432	-0.25684	0.66589	25.5	10080.1.7	100
2024-1-16 20:47:59:216	WT901BLE67(D1376ACA69A3)	-0.896	0.135	0.435	-0.366	1.343	0.305	17.89	63.22	-93.07	54.875	54.542	108.333	-0.51984	-0.46603	-0.25821	0.66769	25.5	10080.1.7	100
2024-1-16 20:47:59:305	WT901BLE67(D1376ACA69A3)	-0.902	0.138	0.430	-1.160	0.916	0.488	17.95	63.34	-92.93	54.875	54.542	108.333	-0.51984	-0.46603	-0.25821	0.66769	25.5	10080.1.7	100
2024-1-16 20:47:59:426	WT901BLE67(D1376ACA69A3)	-0.900	0.151	0.428	0.000	1.770	0.244	18.08	63.45	-92.69	54.975	54.850	108.467	-0.51984	-0.46603	-0.25821	0.66769	25.5	10080.1.7	100
