时间	设备名称	加速度X(g)	加速度Y(g)	加速度Z(g)	角速度X(°/s)	角速度Y(°/s)	角速度Z(°/s)	角度X(°)	角度Y(°)	角度Z(°)	磁场X(uT)	磁场Y(uT)	磁场Z(uT)	四元数0()	四元数1()	四元数2()	四元数3()	温度(°C)	版本号()	电量(%)
2024-1-4 19:3:46:637	WT901BLE67(D1376ACA69A3)	-0.002	0.010	0.997	0.000	0.000	0.000	-0.16	0.22	93.27	63.058	-1.567	-57.033	0.68661	-0.00275	0.00000	0.72696	26.8	10080.1.7	100
2024-1-4 19:3:46:701	WT901BLE67(D1376ACA69A3)	-0.003	0.011	0.997	-0.061	0.000	0.000	-0.14	0.22	93.27	63.058	-1.567	-57.033	0.68661	-0.00275	0.00000	0.72696	26.8	10080.1.7	100
2024-1-4 19:3:46:820	WT901BLE67(D1376ACA69A3)	-0.003	0.012	0.998	0.000	0.000	0.000	-0.12	0.21	93.27	63.058	-1.567	-57.033	0.68661	-0.00275	0.00000	0.72696	26.8	10080.1.7	100
2024-1-4 19:3:46:909	WT901BLE67(D1376ACA69A3)	-0.002	0.010	0.997	0.000	0.000	0.000	-0.10	0.21	93.27	63.058	-1.567	-57.033	0.68661	-0.00211	0.00049	0.72696	26.8	10080.1.7	100
2024-1-4 19:3:47:32	WT901BLE67(D1376ACA69A3)	-0.002	0.011	0.996	0.000	0.000	0.000	-0.08	0.21	93.27	63.058	-1.567	-57.033	0.68661	-0.00211	0.00049	0.72696	26.8	10080.1.7	100
2024-1-4 19:3:47:122	WT901BLE67(D1376ACA69A3)	-0.001	0.010	0.998	0.000	0.000	0.000	-0.05	0.21	93.27	63.042	-1.317	-57.050	0.68661	-0.00211	0.00049	0.72696	26.8	10080.1.7	100
2024-1-4 19:3:47:242	WT901BLE67(D1376ACA69A3)	-0.002	0.011	0.997	0.000	0.000	0.000	-0.04	0.20	93.27	63.042	-1.317	-57.050	0.68661	-0.00211	0.00049	0.72696	26.8	10080.1.7	100
2024-1-4 19:3:47:301	WT901BLE67(D1376ACA69A3)	-0.001	0.010	0.996	0.000	0.000	0.000	-0.02	0.20	93.27	63.042	-1.317	-57.050	0.68661	-0.00156	0.00098	0.72696	26.8	10080.1.7	100
2024-1-4 19:3:47:422	WT901BLE67(D1376ACA69A3)	-0.002	0.011	0.997	0.000	0.000	0.000	0.00	0.20	93.27	63.042	-1.317	-57.050	0.68661	-0.00156	0.00098	0.72696	26.8	10080.1.7	100
2024-1-4 19:3:47:512	WT901BLE67(D1376ACA69A3)	-0.002	0.011	0.998	0.000	0.000	0.000	0.01	0.20	93.27	63.217	-4.433	-51.725	0.68661	-0.00156	0.00098	0.72696	26.8	10080.1.7	100
2024-1-4 19:3:47:633	WT901BLE67(D1376ACA69A3)	0.030	0.011	0.995	0.000	0.000	0.000	0.03	0.20	93.27	63.217	-4.433	-51.725	0.68661	-0.00156	0.00098	0.72696	26.8	10080.1.7	100
2024-1-4 19:3:47:720	WT901BLE67(D1376ACA69A3)	-0.004	-0.085	1.000	0.488	2.319	-67.444	0.04	0.22	86.70	63.217	-4.433	-51.725	0.68661	-0.00107	0.00137	0.72696	26.8	10080.1.7	100
2024-1-4 19:3:47:842	WT901BLE67(D1376ACA69A3)	-0.370	0.011	0.996	0.000	0.000	0.000	0.08	0.22	85.51	63.217	-4.433	-51.725	0.68661	-0.00107	0.00137	0.72696	26.8	10080.1.7	100
2024-1-4 19:3:47:903	WT901BLE67(D1376ACA69A3)	-0.218	-0.010	0.993	-0.854	-4.333	58.777	0.12	0.22	85.81	58.542	-3.775	-46.808	0.68661	-0.00107	0.00137	0.72696	26.8	10080.1.7	100
2024-1-4 19:3:48:56	WT901BLE67(D1376ACA69A3)	-0.218	-0.120	1.000	-26.550	-42.297	-23.804	-0.39	-0.63	91.55	58.542	-3.775	-46.808	0.68661	-0.00107	0.00137	0.72696	26.8	10080.1.7	100
2024-1-4 19:3:48:113	WT901BLE67(D1376ACA69A3)	0.057	-0.126	1.003	-5.127	-2.014	-22.522	-2.09	-2.93	89.42	58.542	-3.775	-46.808	0.70160	0.00043	0.00024	0.71249	26.8	10080.1.7	100
2024-1-4 19:3:48:232	WT901BLE67(D1376ACA69A3)	0.052	0.001	1.350	11.353	44.373	-25.452	-3.13	-2.16	88.32	58.542	-3.775	-46.808	0.70160	0.00043	0.00024	0.71249	26.8	10080.1.7	100
2024-1-4 19:3:48:322	WT901BLE67(D1376ACA69A3)	-0.305	-0.073	0.995	16.235	-24.780	-140.503	-0.20	2.47	75.22	53.433	-3.942	-49.650	0.70160	0.00043	0.00024	0.71249	26.8	10080.1.7	100
2024-1-4 19:3:48:442	WT901BLE67(D1376ACA69A3)	-0.081	-0.156	0.880	18.616	63.477	-186.768	-0.31	6.25	56.18	53.433	-3.942	-49.650	0.70160	0.00043	0.00024	0.71249	26.8	10080.1.7	100
2024-1-4 19:3:48:532	WT901BLE67(D1376ACA69A3)	-0.092	0.056	1.206	16.846	-13.611	-140.320	-1.44	9.50	38.20	53.433	-3.942	-49.650	0.87701	-0.02704	0.04422	0.47757	26.8	10080.1.7	100
2024-1-4 19:3:48:655	WT901BLE67(D1376ACA69A3)	-0.324	0.174	1.154	38.208	-15.259	-122.742	-1.02	6.78	25.57	53.433	-3.942	-49.650	0.87701	-0.02704	0.04422	0.47757	26.8	10080.1.7	100
2024-1-4 19:3:48:709	WT901BLE67(D1376ACA69A3)	-0.189	0.155	0.946	52.673	-27.100	-92.102	2.97	5.34	13.74	47.942	49.817	-34.033	0.87701	-0.02704	0.04422	0.47757	26.8	10080.1.7	100
2024-1-4 19:3:48:832	WT901BLE67(D1376ACA69A3)	0.103	0.253	1.018	38.391	-54.199	-51.514	6.83	2.02	6.18	47.942	49.817	-34.033	0.87701	-0.02704	0.04422	0.47757	26.8	10080.1.7	100
2024-1-4 19:3:48:922	WT901BLE67(D1376ACA69A3)	-0.729	0.249	0.669	131.592	215.088	-101.685	14.67	6.48	1.50	47.942	49.817	-34.033	0.99673	0.06213	0.01682	0.04800	26.8	10080.1.7	100
2024-1-4 19:3:49:39	WT901BLE67(D1376ACA69A3)	-0.124	0.355	0.468	193.298	621.338	-300.049	32.62	50.95	-1.28	47.942	49.817	-34.033	0.99673	0.06213	0.01682	0.04800	26.8	10080.1.7	100
2024-1-4 19:3:49:132	WT901BLE67(D1376ACA69A3)	-0.316	0.201	0.643	-195.557	-530.212	193.542	25.07	30.14	-2.36	36.717	30.258	-42.583	0.99673	0.06213	0.01682	0.04800	26.8	10080.1.7	100
2024-1-4 19:3:49:254	WT901BLE67(D1376ACA69A3)	-0.442	0.270	0.758	103.516	275.330	-140.015	20.69	22.71	-5.64	36.717	30.258	-42.583	0.99673	0.06213	0.01682	0.04800	26.8	10080.1.7	100
2024-1-4 19:3:49:310	WT901BLE67(D1376ACA69A3)	-0.521	0.276	0.755	-50.842	-52.429	37.720	20.23	25.15	-5.71	36.717	30.258	-42.583	0.96152	0.18536	0.18481	-0.08276	26.8	10080.1.7	100
2024-1-4 19:3:49:462	WT901BLE67(D1376ACA69A3)	-0.564	0.296	0.975	38.147	100.220	-41.565	20.82	27.09	-4.21	36.717	30.258	-42.583	0.96152	0.18536	0.18481	-0.08276	26.8	10080.1.7	100
2024-1-4 19:3:49:518	WT901BLE67(D1376ACA69A3)	-0.561	0.323	0.817	14.587	59.937	-18.921	23.47	33.78	-3.67	32.950	29.567	-45.600	0.96152	0.18536	0.18481	-0.08276	26.8	10080.1.7	100
2024-1-4 19:3:49:642	WT901BLE67(D1376ACA69A3)	-0.414	0.414	0.963	76.904	-24.231	-24.292	26.22	37.29	-5.17	32.950	29.567	-45.600	0.96152	0.18536	0.18481	-0.08276	26.8	10080.1.7	100
2024-1-4 19:3:49:731	WT901BLE67(D1376ACA69A3)	-0.676	0.361	0.499	81.787	-43.457	-12.817	34.36	35.52	-7.87	32.950	29.567	-45.600	0.91684	0.23788	0.29697	-0.12045	26.8	10080.1.7	100
2024-1-4 19:3:49:855	WT901BLE67(D1376ACA69A3)	-0.808	1.000	0.689	70.801	-67.078	-53.589	36.26	34.94	-17.16	32.950	29.567	-45.600	0.91684	0.23788	0.29697	-0.12045	26.8	10080.1.7	100
2024-1-4 19:3:49:942	WT901BLE67(D1376ACA69A3)	-0.560	0.978	0.421	91.858	-20.752	-22.095	42.63	33.96	-23.57	29.550	14.375	-44.925	0.91684	0.23788	0.29697	-0.12045	26.8	10080.1.7	100
2024-1-4 19:3:50:62	WT901BLE67(D1376ACA69A3)	-0.553	0.488	0.044	39.246	-20.386	-13.245	51.41	35.27	-24.18	29.550	14.375	-44.925	0.91684	0.23788	0.29697	-0.12045	26.8	10080.1.7	100
2024-1-4 19:3:50:120	WT901BLE67(D1376ACA69A3)	-1.569	0.149	-0.039	1.770	57.068	-84.351	56.81	42.34	-23.21	29.550	14.375	-44.925	0.81119	0.46249	0.17941	-0.30942	26.8	10080.1.7	100
2024-1-4 19:3:50:241	WT901BLE67(D1376ACA69A3)	-1.327	0.302	0.089	27.527	45.288	-78.125	55.31	49.48	-23.47	29.550	14.375	-44.925	0.81119	0.46249	0.17941	-0.30942	26.8	10080.1.7	100
2024-1-4 19:3:50:331	WT901BLE67(D1376ACA69A3)	-0.850	0.385	0.275	59.753	117.615	52.734	68.92	54.71	-12.83	36.542	0.492	-49.058	0.81119	0.46249	0.17941	-0.30942	26.8	10080.1.7	100
2024-1-4 19:3:50:456	WT901BLE67(D1376ACA69A3)	-0.765	0.383	-0.319	-51.819	59.998	9.033	89.90	54.97	10.68	36.542	0.492	-49.058	0.81119	0.46249	0.17941	-0.30942	26.8	10080.1.7	100
2024-1-4 19:3:50:540	WT901BLE67(D1376ACA69A3)	-0.644	0.427	-0.003	-80.505	-117.126	-46.143	77.95	56.86	3.31	36.542	0.492	-49.058	0.65784	0.58981	0.39102	-0.25754	26.8	10080.1.7	100
2024-1-4 19:3:50:662	WT901BLE67(D1376ACA69A3)	-0.748	0.660	0.457	-66.345	-47.424	-41.321	54.90	55.45	-14.66	36.542	0.492	-49.058	0.65784	0.58981	0.39102	-0.25754	26.8	10080.1.7	100
2024-1-4 19:3:50:719	WT901BLE67(D1376ACA69A3)	-0.664	0.375	0.430	-41.626	56.458	-27.954	46.74	57.97	-18.03	47.033	3.575	-45.475	0.65784	0.58981	0.39102	-0.25754	26.8	10080.1.7	100
2024-1-4 19:3:50:870	WT901BLE67(D1376ACA69A3)	-1.031	0.394	0.563	14.832	71.106	-40.466	48.45	62.38	-13.61	47.033	3.575	-45.475	0.65784	0.58981	0.39102	-0.25754	26.8	10080.1.7	100
2024-1-4 19:3:50:930	WT901BLE67(D1376ACA69A3)	-1.223	0.517	0.345	15.015	66.589	-26.733	56.44	70.79	-6.28	47.033	3.575	-45.475	0.74454	0.40604	0.43350	-0.30460	26.8	10080.1.7	100
2024-1-4 19:3:51:55	WT901BLE67(D1376ACA69A3)	-0.679	0.363	0.460	28.320	-20.508	26.123	67.07	72.43	2.28	47.033	3.575	-45.475	0.74454	0.40604	0.43350	-0.30460	26.8	10080.1.7	100
2024-1-4 19:3:51:140	WT901BLE67(D1376ACA69A3)	-0.326	0.598	0.879	96.802	-63.232	62.012	70.50	68.65	-1.29	60.625	4.267	-33.525	0.74454	0.40604	0.43350	-0.30460	26.8	10080.1.7	100
2024-1-4 19:3:51:263	WT901BLE67(D1376ACA69A3)	-0.771	-0.021	0.163	-11.230	-253.418	-66.223	40.77	61.01	-42.20	60.625	4.267	-33.525	0.74454	0.40604	0.43350	-0.30460	26.8	10080.1.7	100
2024-1-4 19:3:51:362	WT901BLE67(D1376ACA69A3)	-0.957	0.057	-0.259	-163.330	-23.987	-61.707	8.86	50.69	-66.42	60.625	4.267	-33.525	0.70596	0.40976	0.31158	-0.48630	26.8	10080.1.7	100
2024-1-4 19:3:51:470	WT901BLE67(D1376ACA69A3)	0.987	-0.227	1.036	-204.651	-113.281	30.579	-16.84	46.14	-73.79	60.625	4.267	-33.525	0.70596	0.40976	0.31158	-0.48630	26.8	10080.1.7	100
2024-1-4 19:3:51:530	WT901BLE67(D1376ACA69A3)	-12.247	-0.026	2.344	-410.095	-1128.845	-195.923	-23.94	2.19	-60.84	14.650	38.167	-34.642	0.70596	0.40976	0.31158	-0.48630	26.8	10080.1.7	100
2024-1-4 19:3:51:647	WT901BLE67(D1376ACA69A3)	1.549	-5.501	-2.669	343.689	1214.417	-82.642	-119.75	43.73	125.58	14.650	38.167	-34.642	0.70596	0.40976	0.31158	-0.48630	26.8	10080.1.7	100
2024-1-4 19:3:51:740	WT901BLE67(D1376ACA69A3)	-1.086	-0.941	-0.624	1458.374	1904.968	666.992	42.90	-32.76	4.91	14.650	38.167	-34.642	-0.01736	0.57907	0.66098	-0.47687	26.8	10080.1.7	100
2024-1-4 19:3:51:863	WT901BLE67(D1376ACA69A3)	-1.065	-0.168	-0.004	-574.341	880.920	-248.230	12.99	21.90	144.46	14.650	38.167	-34.642	-0.01736	0.57907	0.66098	-0.47687	26.8	10080.1.7	100
2024-1-4 19:3:51:959	WT901BLE67(D1376ACA69A3)	-0.777	0.024	-0.391	-11.963	215.515	-53.162	79.61	74.60	-147.76	-250.142	150.408	44.008	-0.01736	0.57907	0.66098	-0.47687	26.8	10080.1.7	100
2024-1-4 19:3:52:72	WT901BLE67(D1376ACA69A3)	-0.674	0.114	0.666	-1.953	52.795	43.640	30.00	57.47	159.88	-250.142	150.408	44.008	-0.01736	0.57907	0.66098	-0.47687	26.8	10080.1.7	100
2024-1-4 19:3:52:131	WT901BLE67(D1376ACA69A3)	-0.766	-0.005	0.771	-18.616	48.706	-34.485	25.74	60.97	157.05	-250.142	150.408	44.008	-0.27161	0.42017	-0.30032	-0.81201	26.8	10080.1.7	100
2024-1-4 19:3:52:282	WT901BLE67(D1376ACA69A3)	-0.661	-0.072	0.743	-32.471	-26.978	-30.151	23.70	64.70	158.24	-250.142	150.408	44.008	-0.27161	0.42017	-0.30032	-0.81201	26.8	10080.1.7	100
2024-1-4 19:3:52:339	WT901BLE67(D1376ACA69A3)	-0.793	-0.259	0.342	-5.981	146.973	68.481	20.87	70.61	156.25	-120.683	74.667	262.483	-0.27161	0.42017	-0.30032	-0.81201	26.8	10080.1.7	100
2024-1-4 19:3:52:461	WT901BLE67(D1376ACA69A3)	-0.717	0.223	0.601	3.296	-30.273	45.471	27.39	62.61	163.11	-120.683	74.667	262.483	-0.27161	0.42017	-0.30032	-0.81201	26.8	10080.1.7	100
2024-1-4 19:3:52:559	WT901BLE67(D1376ACA69A3)	-0.679	0.023	0.668	-2.380	-32.410	2.686	23.64	59.47	159.18	-120.683	74.667	262.483	-0.24582	0.46609	-0.27222	-0.80505	26.8	10080.1.7	100
2024-1-4 19:3:52:672	WT901BLE67(D1376ACA69A3)	-0.586	-0.023	0.758	-2.563	-38.391	5.859	20.93	55.76	156.68	-120.683	74.667	262.483	-0.24582	0.46609	-0.27222	-0.80505	26.8	10080.1.7	100
2024-1-4 19:3:52:760	WT901BLE67(D1376ACA69A3)	-0.559	0.006	0.826	-0.916	-32.104	6.714	19.18	51.67	154.92	-264.758	267.742	262.508	-0.24582	0.46609	-0.27222	-0.80505	26.8	10080.1.7	100
2024-1-4 19:3:52:881	WT901BLE67(D1376ACA69A3)	-0.557	-0.002	0.898	3.235	-4.761	-0.732	18.28	49.76	154.00	-264.758	267.742	262.508	-0.24582	0.46609	-0.27222	-0.80505	26.8	10080.1.7	100
2024-1-4 19:3:52:938	WT901BLE67(D1376ACA69A3)	-0.533	0.051	0.865	12.329	-8.972	-8.118	18.17	48.83	152.81	-264.758	267.742	262.508	-0.26776	0.37003	-0.23447	-0.85806	26.8	10080.1.7	100
2024-1-4 19:3:53:62	WT901BLE67(D1376ACA69A3)	-0.573	0.033	0.899	5.798	10.864	-19.287	16.77	49.02	150.11	-264.758	267.742	262.508	-0.26776	0.37003	-0.23447	-0.85806	26.8	10080.1.7	100
2024-1-4 19:3:53:163	WT901BLE67(D1376ACA69A3)	-0.751	-0.021	0.810	12.756	40.161	-20.142	15.69	51.97	147.92	-265.108	267.875	262.508	-0.26776	0.37003	-0.23447	-0.85806	26.8	10080.1.7	100
2024-1-4 19:3:53:271	WT901BLE67(D1376ACA69A3)	-0.650	0.003	0.673	13.428	17.090	-17.029	15.26	54.88	145.79	-265.108	267.875	262.508	-0.26776	0.37003	-0.23447	-0.85806	26.8	10080.1.7	100
2024-1-4 19:3:53:363	WT901BLE67(D1376ACA69A3)	-0.702	0.009	0.761	12.817	6.470	-7.751	14.67	55.47	143.71	-265.108	267.875	262.508	-0.31998	0.40298	-0.24771	-0.82083	26.8	10080.1.7	100
2024-1-4 19:3:53:481	WT901BLE67(D1376ACA69A3)	-0.708	0.024	0.678	9.949	11.597	-6.592	14.79	56.45	142.73	-265.108	267.875	262.508	-0.31998	0.40298	-0.24771	-0.82083	26.8	10080.1.7	100
2024-1-4 19:3:53:541	WT901BLE67(D1376ACA69A3)	-0.688	-0.037	0.657	2.319	-3.296	-6.958	13.51	56.45	140.48	-265.108	267.875	262.508	-0.31998	0.40298	-0.24771	-0.82083	26.8	10080.1.7	100
2024-1-4 19:3:53:691	WT901BLE67(D1376ACA69A3)	-0.686	-0.002	0.726	-4.272	-6.165	2.625	12.21	55.58	139.21	-265.108	267.875	262.508	-0.31998	0.40298	-0.24771	-0.82083	26.8	10080.1.7	100
2024-1-4 19:3:53:759	WT901BLE67(D1376ACA69A3)	-0.682	-0.026	0.696	-10.437	-2.014	7.813	11.68	54.98	139.61	-265.108	267.875	262.508	-0.35199	0.39993	-0.24734	-0.80923	26.8	10080.1.7	100
2024-1-4 19:3:53:870	WT901BLE67(D1376ACA69A3)	-0.692	0.042	0.799	-2.991	-15.869	20.081	12.64	53.55	141.87	-265.108	267.875	262.508	-0.35199	0.39993	-0.24734	-0.80923	26.8	10080.1.7	100
2024-1-4 19:3:53:959	WT901BLE67(D1376ACA69A3)	-0.612	0.006	0.640	-7.385	18.921	-4.272	12.95	53.65	142.93	-265.108	267.875	262.508	-0.35199	0.39993	-0.24734	-0.80923	26.8	10080.1.7	100
2024-1-4 19:3:54:78	WT901BLE67(D1376ACA69A3)	-0.693	0.032	0.784	-3.113	-10.437	3.296	12.06	53.18	142.75	-265.108	267.875	262.508	-0.35199	0.39993	-0.24734	-0.80923	26.8	10080.1.7	100
2024-1-4 19:3:54:170	WT901BLE67(D1376ACA69A3)	-0.805	-0.018	0.753	-3.113	2.319	-1.831	11.01	52.75	142.16	-265.108	267.875	262.508	-0.32870	0.38986	-0.22943	-0.82898	26.8	10080.1.7	100
2024-1-4 19:3:54:291	WT901BLE67(D1376ACA69A3)	-0.734	-0.029	0.736	-2.930	-2.869	-1.709	10.73	53.08	142.30	-265.108	267.875	262.508	-0.32870	0.38986	-0.22943	-0.82898	26.8	10080.1.7	100
2024-1-4 19:3:54:348	WT901BLE67(D1376ACA69A3)	-0.573	0.059	0.809	1.343	6.348	0.366	10.54	52.67	142.43	-264.525	267.875	262.508	-0.32870	0.38986	-0.22943	-0.82898	26.8	10080.1.7	100
2024-1-4 19:3:54:471	WT901BLE67(D1376ACA69A3)	-0.635	0.002	0.844	-4.272	-11.230	-0.671	10.23	51.30	142.56	-264.525	267.875	262.508	-0.32870	0.38986	-0.22943	-0.82898	26.8	10080.1.7	100
2024-1-4 19:3:54:560	WT901BLE67(D1376ACA69A3)	-0.723	-0.072	0.843	-0.916	-17.944	12.268	8.72	49.49	141.37	-264.525	267.875	262.508	-0.32553	0.37943	-0.21091	-0.83994	26.8	10080.1.7	100
2024-1-4 19:3:54:680	WT901BLE67(D1376ACA69A3)	-0.643	-0.033	0.688	1.648	26.672	-8.179	9.53	50.32	142.40	-264.525	267.875	262.508	-0.32553	0.37943	-0.21091	-0.83994	26.8	10080.1.7	100
2024-1-4 19:3:54:769	WT901BLE67(D1376ACA69A3)	-0.676	0.024	0.708	-1.160	-6.409	3.723	9.13	50.80	142.20	-265.058	267.875	262.508	-0.32553	0.37943	-0.21091	-0.83994	26.8	10080.1.7	100
2024-1-4 19:3:54:890	WT901BLE67(D1376ACA69A3)	-0.654	-0.004	0.761	-2.686	-1.282	2.014	8.76	50.04	142.15	-265.058	267.875	262.508	-0.32553	0.37943	-0.21091	-0.83994	26.8	10080.1.7	100
2024-1-4 19:3:54:959	WT901BLE67(D1376ACA69A3)	-0.660	-0.000	0.754	-1.526	-1.465	4.150	8.60	49.60	142.41	-265.058	267.875	262.508	-0.32306	0.37585	-0.20114	-0.84488	26.8	10080.1.7	100
2024-1-4 19:3:55:101	WT901BLE67(D1376ACA69A3)	-0.663	0.008	0.757	0.732	0.854	0.122	8.56	49.30	142.58	-265.058	267.875	262.508	-0.32306	0.37585	-0.20114	-0.84488	26.8	10080.1.7	100
2024-1-4 19:3:55:162	WT901BLE67(D1376ACA69A3)	-0.674	0.012	0.745	2.136	1.953	-2.808	8.29	49.24	142.19	-265.108	267.875	262.508	-0.32306	0.37585	-0.20114	-0.84488	26.8	10080.1.7	100
2024-1-4 19:3:55:281	WT901BLE67(D1376ACA69A3)	-0.671	0.004	0.735	2.625	0.793	-3.357	7.90	49.24	141.51	-265.108	267.875	262.508	-0.32306	0.37585	-0.20114	-0.84488	26.8	10080.1.7	100
2024-1-4 19:3:55:371	WT901BLE67(D1376ACA69A3)	-0.664	0.005	0.744	2.075	-0.916	-2.625	7.55	49.03	140.87	-265.108	267.875	262.508	-0.32776	0.37112	-0.19571	-0.84644	26.8	10080.1.7	100
2024-1-4 19:3:55:490	WT901BLE67(D1376ACA69A3)	-0.667	0.009	0.751	1.526	-0.977	-1.404	7.25	48.74	140.37	-265.108	267.875	262.508	-0.32776	0.37112	-0.19571	-0.84644	26.8	10080.1.7	100
2024-1-4 19:3:55:580	WT901BLE67(D1376ACA69A3)	-0.667	0.005	0.745	0.916	-0.061	-0.610	7.04	48.54	140.05	-265.108	267.875	262.508	-0.32776	0.37112	-0.19571	-0.84644	26.8	10080.1.7	100
2024-1-4 19:3:55:701	WT901BLE67(D1376ACA69A3)	-0.668	0.007	0.747	0.183	-0.061	-0.183	6.83	48.35	139.82	-265.108	267.875	262.508	-0.32776	0.37112	-0.19571	-0.84644	26.8	10080.1.7	100
2024-1-4 19:3:55:761	WT901BLE67(D1376ACA69A3)	-0.662	0.005	0.746	0.000	-0.854	0.122	6.62	48.13	139.67	-265.108	267.875	262.508	-0.32776	0.37112	-0.19571	-0.84644	26.8	10080.1.7	100
2024-1-4 19:3:55:881	WT901BLE67(D1376ACA69A3)	-0.663	0.006	0.751	0.122	-2.075	0.427	6.42	47.77	139.52	-265.108	267.875	262.508	-0.33612	0.36444	-0.19043	-0.84726	26.8	10080.1.7	100
2024-1-4 19:3:55:969	WT901BLE67(D1376ACA69A3)	-0.660	0.005	0.751	-0.061	-1.282	0.488	6.25	47.44	139.41	-265.108	267.875	262.508	-0.33612	0.36444	-0.19043	-0.84726	26.8	10080.1.7	100
2024-1-4 19:3:56:91	WT901BLE67(D1376ACA69A3)	-0.661	0.008	0.755	-0.061	-1.038	0.671	6.11	47.14	139.33	-265.108	267.875	262.508	-0.33612	0.36444	-0.19043	-0.84726	26.8	10080.1.7	100
2024-1-4 19:3:56:176	WT901BLE67(D1376ACA69A3)	-0.662	0.010	0.754	-0.366	-0.671	1.038	5.99	46.90	139.31	-265.108	267.875	262.508	-0.33798	0.35669	-0.18381	-0.85126	26.8	10080.1.7	100
2024-1-4 19:3:56:298	WT901BLE67(D1376ACA69A3)	-0.650	0.001	0.752	-2.258	0.610	4.089	5.94	46.72	139.51	-265.108	267.875	262.508	-0.33798	0.35669	-0.18381	-0.85126	26.8	10080.1.7	100
2024-1-4 19:3:56:510	WT901BLE67(D1376ACA69A3)	-0.658	0.020	0.756	-1.587	3.235	4.028	6.06	46.69	140.09	-265.108	267.875	262.508	-0.33798	0.35669	-0.18381	-0.85126	26.8	10080.1.7	100
2024-1-4 19:3:56:510	WT901BLE67(D1376ACA69A3)	-0.672	0.016	0.756	-1.587	-1.282	-0.366	5.88	46.63	140.17	-265.108	267.875	262.508	-0.33798	0.35669	-0.18381	-0.85126	26.8	10080.1.7	100
2024-1-4 19:7:34:249	WT901BLE67(D1376ACA69A3)	0.349	0.000	0.738	-2.686	0.061	-2.075	5.32	46.51	139.80	-265.108	267.875	262.508	-0.33798	0.35669	-0.18381	-0.85126	26.8	10080.1.7	100
2024-1-4 19:7:34:309	WT901BLE67(D1376ACA69A3)	0.282	0.223	0.585	-3.052	-7.080	9.460	21.52	-36.33	-137.55	-265.108	267.875	262.508	-0.33798	0.35669	-0.18381	-0.85126	26.8	10080.1.7	100
2024-1-4 19:7:34:429	WT901BLE67(D1376ACA69A3)	0.440	0.333	0.782	-1.648	6.409	29.297	20.02	-36.80	-135.89	-265.108	267.875	262.508	-0.33798	0.35669	-0.18381	-0.85126	26.8	10080.1.7	100
2024-1-4 19:7:34:548	WT901BLE67(D1376ACA69A3)	0.916	0.498	1.008	10.193	18.555	27.832	18.09	-35.84	-132.13	-265.108	267.875	262.508	0.39536	-0.22427	-0.27347	-0.84766	26.8	10080.1.7	100
2024-1-4 19:7:34:647	WT901BLE67(D1376ACA69A3)	0.715	0.254	0.977	15.747	22.095	34.119	17.30	-33.99	-127.39	-265.108	267.875	262.508	0.39536	-0.22427	-0.27347	-0.84766	26.8	10080.1.7	100
2024-1-4 19:7:34:730	WT901BLE67(D1376ACA69A3)	0.401	0.095	0.770	43.701	0.305	44.189	17.95	-35.05	-122.96	-265.108	267.875	262.508	0.39536	-0.22427	-0.27347	-0.84766	26.8	10080.1.7	100
2024-1-4 19:7:34:851	WT901BLE67(D1376ACA69A3)	0.534	0.106	0.680	32.837	-12.451	33.203	19.04	-37.14	-118.10	-265.108	267.875	262.508	0.39536	-0.22427	-0.27347	-0.84766	28.1	10080.1.7	100
2024-1-4 19:7:34:945	WT901BLE67(D1376ACA69A3)	0.520	0.105	0.739	28.259	4.822	15.503	20.03	-38.10	-115.10	-265.108	267.875	262.508	0.39536	-0.22427	-0.27347	-0.84766	28.1	10080.1.7	100
2024-1-4 19:7:35:30	WT901BLE67(D1376ACA69A3)	0.633	0.173	0.798	21.118	11.414	-16.846	22.17	-37.17	-114.86	-265.108	267.875	262.508	0.39536	-0.22427	-0.27347	-0.84766	28.1	10080.1.7	100
2024-1-4 19:7:35:121	WT901BLE67(D1376ACA69A3)	0.779	0.272	0.827	15.991	4.822	-31.982	25.07	-35.44	-117.03	-265.108	267.875	262.508	0.39536	-0.22427	-0.27347	-0.84766	28.1	10080.1.7	100
2024-1-4 19:7:35:243	WT901BLE67(D1376ACA69A3)	0.598	0.280	0.633	3.174	-16.785	-13.794	27.60	-34.18	-120.17	-265.108	267.875	262.508	0.39536	-0.22427	-0.27347	-0.84766	28.1	10080.1.7	100
2024-1-4 19:7:35:332	WT901BLE67(D1376ACA69A3)	0.545	0.434	0.727	-10.132	-4.700	3.906	27.73	-35.47	-121.33	242.525	209.008	272.708	0.39536	-0.22427	-0.27347	-0.84766	28.1	10080.1.7	100
2024-1-4 19:7:35:451	WT901BLE67(D1376ACA69A3)	0.649	0.156	0.659	-29.236	-2.014	27.222	25.08	-36.73	-119.70	242.525	209.008	272.708	0.39536	-0.22427	-0.27347	-0.84766	28.1	10080.1.7	100
2024-1-4 19:7:35:511	WT901BLE67(D1376ACA69A3)	0.596	0.094	0.795	-63.843	-15.930	9.827	19.11	-38.00	-117.56	242.525	209.008	272.708	0.52029	-0.15625	-0.33798	-0.76846	28.1	10080.1.7	100
2024-1-4 19:7:35:659	WT901BLE67(D1376ACA69A3)	0.461	0.312	0.916	-78.796	-16.235	-15.747	12.08	-39.58	-118.26	242.725	210.408	272.767	0.52029	-0.15625	-0.33798	-0.76846	28.1	10080.1.7	100
2024-1-4 19:7:35:722	WT901BLE67(D1376ACA69A3)	0.841	0.356	0.669	-39.917	-18.127	-2.380	7.39	-41.30	-120.05	242.725	210.408	272.767	0.52029	-0.15625	-0.33798	-0.76846	28.1	10080.1.7	100
2024-1-4 19:7:35:842	WT901BLE67(D1376ACA69A3)	0.522	0.240	0.805	0.916	-4.761	10.925	5.82	-41.51	-120.22	242.725	210.408	272.767	0.52029	-0.15625	-0.33798	-0.76846	28.1	10080.1.7	100
2024-1-4 19:7:35:932	WT901BLE67(D1376ACA69A3)	0.646	0.111	0.692	24.353	1.953	8.301	7.01	-42.09	-119.74	242.725	210.408	272.767	0.48013	-0.28296	-0.21750	-0.80124	28.1	10080.1.7	100
2024-1-4 19:7:36:54	WT901BLE67(D1376ACA69A3)	0.594	0.062	0.770	37.415	10.681	13.977	9.06	-41.40	-117.89	242.725	210.408	272.767	0.48013	-0.28296	-0.21750	-0.80124	28.1	10080.1.7	100
2024-1-4 19:7:36:148	WT901BLE67(D1376ACA69A3)	0.765	0.094	0.776	41.504	12.085	9.277	11.77	-40.45	-115.99	240.667	213.367	272.867	0.48013	-0.28296	-0.21750	-0.80124	28.1	10080.1.7	100
2024-1-4 19:7:36:262	WT901BLE67(D1376ACA69A3)	0.546	0.128	0.866	43.335	3.723	10.254	14.93	-39.62	-114.42	240.667	213.367	272.867	0.53796	-0.22174	-0.27896	-0.76385	28.1	10080.1.7	100
2024-1-4 19:7:36:323	WT901BLE67(D1376ACA69A3)	0.583	0.081	0.778	28.259	-8.057	4.822	17.90	-40.36	-113.43	240.667	213.367	272.867	0.53796	-0.22174	-0.27896	-0.76385	28.1	10080.1.7	100
2024-1-4 19:7:36:444	WT901BLE67(D1376ACA69A3)	0.600	0.204	0.792	12.573	-6.897	4.517	19.24	-41.13	-112.85	240.667	213.367	272.867	0.53796	-0.22174	-0.27896	-0.76385	28.1	10080.1.7	100
2024-1-4 19:7:36:532	WT901BLE67(D1376ACA69A3)	0.633	0.229	0.702	4.578	-13.367	1.160	20.19	-41.94	-112.93	241.300	213.558	272.875	0.53796	-0.22174	-0.27896	-0.76385	28.1	10080.1.7	100
2024-1-4 19:7:36:649	WT901BLE67(D1376ACA69A3)	0.641	0.281	0.725	-0.061	-10.925	-2.441	20.59	-42.84	-113.44	241.300	213.558	272.875	0.53796	-0.22174	-0.27896	-0.76385	28.1	10080.1.7	100
2024-1-4 19:7:36:749	WT901BLE67(D1376ACA69A3)	0.645	0.253	0.705	-10.315	-5.066	-19.165	21.20	-43.04	-114.98	241.300	213.558	272.875	0.55756	-0.20859	-0.33582	-0.72986	28.1	10080.1.7	100
2024-1-4 19:7:36:862	WT901BLE67(D1376ACA69A3)	0.703	0.270	0.645	-12.451	-3.113	-9.155	21.36	-42.75	-117.07	241.300	213.558	272.875	0.55756	-0.20859	-0.33582	-0.72986	28.1	10080.1.7	100
2024-1-4 19:7:36:923	WT901BLE67(D1376ACA69A3)	0.676	0.329	0.735	-14.404	-0.732	-8.057	20.63	-42.32	-118.04	241.050	211.183	272.783	0.55756	-0.20859	-0.33582	-0.72986	28.1	10080.1.7	100
2024-1-4 19:7:37:72	WT901BLE67(D1376ACA69A3)	0.572	0.335	0.662	-9.216	-9.460	-3.113	20.26	-42.61	-119.29	241.050	211.183	272.783	0.52017	-0.22388	-0.32227	-0.75851	28.1	10080.1.7	100
2024-1-4 19:7:37:132	WT901BLE67(D1376ACA69A3)	0.584	0.412	0.675	-1.343	2.502	10.559	19.65	-43.03	-119.18	241.050	211.183	272.783	0.52017	-0.22388	-0.32227	-0.75851	28.1	10080.1.7	100
2024-1-4 19:7:37:254	WT901BLE67(D1376ACA69A3)	0.568	0.442	0.700	17.334	10.010	38.330	18.38	-43.06	-115.82	241.050	211.183	272.783	0.52017	-0.22388	-0.32227	-0.75851	28.1	10080.1.7	100
2024-1-4 19:7:37:351	WT901BLE67(D1376ACA69A3)	0.673	0.417	0.689	28.259	10.559	45.410	17.00	-43.14	-109.96	241.117	210.250	272.750	0.52017	-0.22388	-0.32227	-0.75851	28.1	10080.1.7	100
2024-1-4 19:7:37:462	WT901BLE67(D1376ACA69A3)	0.988	0.446	0.801	44.250	4.944	51.086	16.72	-43.47	-103.62	241.117	210.250	272.750	0.52017	-0.22388	-0.32227	-0.75851	28.1	10080.1.7	100
2024-1-4 19:7:37:553	WT901BLE67(D1376ACA69A3)	0.449	0.168	0.782	49.683	-26.001	49.927	17.06	-45.73	-96.36	241.117	210.250	272.750	0.60855	-0.20517	-0.33182	-0.69092	28.1	10080.1.7	100
2024-1-4 19:7:37:670	WT901BLE67(D1376ACA69A3)	0.607	0.021	0.816	47.180	-15.503	67.139	16.63	-50.05	-88.96	241.117	210.250	272.750	0.60855	-0.20517	-0.33182	-0.69092	28.1	10080.1.7	100
2024-1-4 19:7:37:733	WT901BLE67(D1376ACA69A3)	0.594	-0.151	0.671	18.921	-17.944	40.283	13.43	-52.19	-80.88	242.767	224.967	-266.250	0.60855	-0.20517	-0.33182	-0.69092	28.1	10080.1.7	100
2024-1-4 19:7:37:853	WT901BLE67(D1376ACA69A3)	0.605	-0.066	0.668	-0.854	-10.132	6.592	10.85	-53.71	-77.10	242.767	224.967	-266.250	0.60855	-0.20517	-0.33182	-0.69092	28.1	10080.1.7	100
2024-1-4 19:7:37:951	WT901BLE67(D1376ACA69A3)	0.847	0.148	0.783	-10.010	-11.597	-54.321	13.22	-53.72	-81.09	242.767	224.967	-266.250	0.72092	-0.21317	-0.40427	-0.52087	28.1	10080.1.7	100
2024-1-4 19:7:38:63	WT901BLE67(D1376ACA69A3)	1.073	0.213	0.798	-18.188	3.296	-90.698	21.20	-51.58	-93.06	242.767	224.967	-266.250	0.72092	-0.21317	-0.40427	-0.52087	28.1	10080.1.7	100
2024-1-4 19:7:38:152	WT901BLE67(D1376ACA69A3)	0.479	0.519	0.591	-12.634	-3.418	-21.301	25.47	-48.89	-101.37	241.358	227.675	-272.692	0.72092	-0.21317	-0.40427	-0.52087	28.1	10080.1.7	100
2024-1-4 19:7:38:273	WT901BLE67(D1376ACA69A3)	0.367	0.228	0.510	10.620	-13.855	14.709	26.50	-50.63	-101.99	241.358	227.675	-272.692	0.72092	-0.21317	-0.40427	-0.52087	28.1	10080.1.7	100
2024-1-4 19:7:38:333	WT901BLE67(D1376ACA69A3)	0.139	0.156	0.543	-3.784	7.202	-2.441	26.06	-50.93	-101.01	241.358	227.675	-272.692	0.62994	-0.19296	-0.42297	-0.62201	28.1	10080.1.7	100
2024-1-4 19:7:38:482	WT901BLE67(D1376ACA69A3)	2.124	0.270	0.545	-26.489	55.054	-12.146	23.21	-46.79	-99.78	241.358	227.675	-272.692	0.62994	-0.19296	-0.42297	-0.62201	28.1	10080.1.7	100
2024-1-4 19:7:38:548	WT901BLE67(D1376ACA69A3)	0.456	0.313	1.090	-22.461	47.913	0.244	18.82	-40.55	-96.98	245.875	215.542	272.417	0.62994	-0.19296	-0.42297	-0.62201	28.1	10080.1.7	100
2024-1-4 19:7:38:659	WT901BLE67(D1376ACA69A3)	0.401	-0.100	0.636	-31.494	-21.240	-27.588	17.85	-41.60	-98.99	245.875	215.542	272.417	0.62994	-0.19296	-0.42297	-0.62201	28.1	10080.1.7	100
2024-1-4 19:7:38:753	WT901BLE67(D1376ACA69A3)	0.649	0.136	0.668	-41.077	-30.701	-57.312	18.72	-43.57	-106.69	245.875	215.542	272.417	0.64594	-0.16815	-0.33743	-0.66370	28.1	10080.1.7	100
2024-1-4 19:7:38:873	WT901BLE67(D1376ACA69A3)	0.518	0.180	0.821	-25.940	-31.372	-66.406	21.52	-43.98	-115.89	245.875	215.542	272.417	0.64594	-0.16815	-0.33743	-0.66370	28.1	10080.1.7	100
2024-1-4 19:7:38:962	WT901BLE67(D1376ACA69A3)	0.876	0.000	0.880	-29.114	-18.799	-92.346	26.66	-42.91	-127.34	246.992	218.450	-168.967	0.64594	-0.16815	-0.33743	-0.66370	28.1	10080.1.7	100
2024-1-4 19:7:39:83	WT901BLE67(D1376ACA69A3)	0.626	0.445	0.866	-43.335	-30.090	-104.675	30.42	-40.34	-138.69	246.992	218.450	-168.967	0.64594	-0.16815	-0.33743	-0.66370	28.1	10080.1.7	100
2024-1-4 19:7:39:145	WT901BLE67(D1376ACA69A3)	0.252	0.699	0.585	-58.838	-60.242	-79.529	33.94	-40.09	-152.13	246.992	218.450	-168.967	0.39932	-0.22519	-0.34766	-0.81784	28.1	10080.1.7	100
2024-1-4 19:7:39:262	WT901BLE67(D1376ACA69A3)	0.428	0.618	0.634	-40.466	-35.767	-37.537	35.62	-40.31	-162.47	246.992	218.450	-168.967	0.39932	-0.22519	-0.34766	-0.81784	28.1	10080.1.7	100
2024-1-4 19:7:39:353	WT901BLE67(D1376ACA69A3)	0.410	0.443	0.515	-34.729	-33.813	-17.456	35.49	-41.52	-167.51	256.700	193.317	272.092	0.39932	-0.22519	-0.34766	-0.81784	28.1	10080.1.7	100
2024-1-4 19:7:39:471	WT901BLE67(D1376ACA69A3)	0.247	0.487	0.713	-31.494	-24.475	10.071	33.70	-43.35	-169.72	256.700	193.317	272.092	0.39932	-0.22519	-0.34766	-0.81784	28.1	10080.1.7	100
2024-1-4 19:7:39:561	WT901BLE67(D1376ACA69A3)	0.780	0.513	0.883	-27.405	24.475	49.927	28.02	-44.13	-165.64	256.700	193.317	272.092	0.18713	-0.32571	-0.30222	-0.87604	28.1	10080.1.7	100
2024-1-4 19:7:39:680	WT901BLE67(D1376ACA69A3)	1.137	0.360	0.752	-25.146	49.438	39.185	19.92	-41.17	-157.26	256.700	193.317	272.092	0.18713	-0.32571	-0.30222	-0.87604	28.1	10080.1.7	100
2024-1-4 19:7:39:748	WT901BLE67(D1376ACA69A3)	0.251	0.209	0.717	-0.854	11.414	5.127	16.83	-39.62	-153.46	256.700	193.317	272.092	0.18713	-0.32571	-0.30222	-0.87604	28.1	10080.1.7	100
2024-1-4 19:7:39:891	WT901BLE67(D1376ACA69A3)	0.529	0.213	0.566	4.822	-3.418	8.423	16.66	-40.39	-151.66	256.700	193.317	272.092	0.18713	-0.32571	-0.30222	-0.87604	28.1	10080.1.7	100
2024-1-4 19:7:39:953	WT901BLE67(D1376ACA69A3)	0.527	0.047	0.687	12.573	1.160	-3.967	17.51	-40.25	-151.70	256.700	193.317	272.092	0.18713	-0.32571	-0.30222	-0.87604	28.1	10080.1.7	100
2024-1-4 19:7:40:131	WT901BLE67(D1376ACA69A3)	0.604	0.062	0.995	-8.301	0.000	-28.564	18.97	-39.43	-153.90	256.700	193.317	272.092	0.18713	-0.32571	-0.30222	-0.87604	28.1	10080.1.7	100
2024-1-4 19:7:40:162	WT901BLE67(D1376ACA69A3)	1.247	0.164	0.958	-23.132	5.981	-38.269	19.42	-37.75	-157.38	256.700	193.317	272.092	0.18713	-0.32571	-0.30222	-0.87604	28.1	10080.1.7	100
2024-1-4 19:7:40:283	WT901BLE67(D1376ACA69A3)	0.323	0.474	0.675	-50.720	-29.297	-62.439	19.08	-37.39	-164.23	256.700	193.317	272.092	0.18713	-0.32571	-0.30222	-0.87604	28.1	10080.1.7	100
2024-1-4 19:7:40:373	WT901BLE67(D1376ACA69A3)	0.366	0.272	0.590	-29.846	-28.137	-33.203	19.93	-39.12	-170.78	251.417	194.867	272.233	0.18713	-0.32571	-0.30222	-0.87604	28.1	10080.1.7	100
2024-1-4 19:7:40:522	WT901BLE67(D1376ACA69A3)	0.412	0.176	0.602	-42.114	-13.977	-37.903	19.71	-39.96	-176.01	251.417	194.867	272.233	0.08838	-0.33109	-0.17130	-0.92365	28.1	10080.1.7	100
2024-1-4 19:7:40:551	WT901BLE67(D1376ACA69A3)	0.595	0.225	1.017	-54.199	1.038	-31.311	18.23	-39.28	178.75	251.417	194.867	272.233	0.08838	-0.33109	-0.17130	-0.92365	28.1	10080.1.7	100
2024-1-4 19:7:40:671	WT901BLE67(D1376ACA69A3)	1.439	0.276	0.949	-76.294	17.822	-29.541	13.11	-37.19	177.20	251.417	194.867	272.233	0.08838	-0.33109	-0.17130	-0.92365	28.1	10080.1.7	100
2024-1-4 19:7:40:762	WT901BLE67(D1376ACA69A3)	0.443	0.302	0.692	-61.951	-27.649	-68.665	9.62	-36.56	169.30	263.000	182.775	271.850	0.08838	-0.33109	-0.17130	-0.92365	28.1	10080.1.7	100
2024-1-4 19:7:40:882	WT901BLE67(D1376ACA69A3)	0.458	0.096	0.658	-47.180	-32.227	-64.270	10.10	-39.52	161.06	263.000	182.775	271.850	0.08838	-0.33109	-0.17130	-0.92365	28.1	10080.1.7	100
2024-1-4 19:7:40:972	WT901BLE67(D1376ACA69A3)	0.621	-0.021	0.583	-53.772	-24.231	-89.966	12.15	-41.41	150.27	263.000	182.775	271.850	-0.11832	-0.34332	-0.02859	-0.93124	28.1	10080.1.7	100
2024-1-4 19:7:41:93	WT901BLE67(D1376ACA69A3)	0.900	0.014	0.738	-62.622	-10.315	-90.332	14.23	-40.52	137.97	263.000	182.775	271.850	-0.11832	-0.34332	-0.02859	-0.93124	28.1	10080.1.7	100
2024-1-4 19:7:41:154	WT901BLE67(D1376ACA69A3)	0.306	0.597	0.867	-59.998	-28.870	-87.585	15.14	-39.64	126.37	270.342	177.158	271.683	-0.11832	-0.34332	-0.02859	-0.93124	28.1	10080.1.7	100
2024-1-4 19:7:41:304	WT901BLE67(D1376ACA69A3)	0.411	0.705	0.668	-23.682	-26.001	-36.377	17.78	-41.35	115.59	270.342	177.158	271.683	-0.11832	-0.34332	-0.02859	-0.93124	28.1	10080.1.7	100
2024-1-4 19:7:41:361	WT901BLE67(D1376ACA69A3)	0.753	0.298	0.587	-10.864	8.057	-19.531	18.98	-41.42	112.77	270.342	177.158	271.683	-0.44971	-0.37375	0.06464	-0.80856	28.1	10080.1.7	100
2024-1-4 19:7:41:481	WT901BLE67(D1376ACA69A3)	0.442	0.400	0.738	-11.780	17.822	-18.311	19.43	-38.78	110.33	270.342	177.158	271.683	-0.44971	-0.37375	0.06464	-0.80856	28.1	10080.1.7	100
2024-1-4 19:7:41:573	WT901BLE67(D1376ACA69A3)	0.591	0.330	0.695	-5.981	14.771	-5.310	19.68	-36.96	108.31	-265.208	172.917	271.600	-0.44971	-0.37375	0.06464	-0.80856	28.1	10080.1.7	100
2024-1-4 19:7:41:693	WT901BLE67(D1376ACA69A3)	0.583	0.226	0.861	-7.813	23.560	-5.798	19.07	-35.00	108.82	-265.208	172.917	271.600	-0.44971	-0.37375	0.06464	-0.80856	28.1	10080.1.7	100
2024-1-4 19:7:41:781	WT901BLE67(D1376ACA69A3)	0.578	0.203	0.784	-17.029	8.667	-21.790	18.36	-33.08	108.00	-265.208	172.917	271.600	-0.50876	-0.32828	0.04242	-0.79465	28.1	10080.1.7	100
2024-1-4 19:7:41:905	WT901BLE67(D1376ACA69A3)	0.578	0.273	0.822	-17.273	5.615	-24.353	17.82	-31.70	105.66	-265.208	172.917	271.600	-0.50876	-0.32828	0.04242	-0.79465	28.1	10080.1.7	100
2024-1-4 19:7:41:962	WT901BLE67(D1376ACA69A3)	0.525	0.273	0.833	-13.000	-2.136	-20.813	17.57	-30.90	103.10	-265.125	176.308	271.733	-0.50876	-0.32828	0.04242	-0.79465	28.1	10080.1.7	100
2024-1-4 19:7:42:83	WT901BLE67(D1376ACA69A3)	0.540	0.236	0.787	-5.920	-6.470	-13.367	17.74	-31.00	101.02	-265.125	176.308	271.733	-0.50876	-0.32828	0.04242	-0.79465	28.1	10080.1.7	100
2024-1-4 19:7:42:173	WT901BLE67(D1376ACA69A3)	0.540	0.270	0.811	-5.310	-4.700	-11.658	17.95	-31.15	99.45	-265.125	176.308	271.733	-0.57458	-0.29852	0.05365	-0.76010	28.1	10080.1.7	100
2024-1-4 19:7:42:294	WT901BLE67(D1376ACA69A3)	0.499	0.261	0.807	-0.793	-5.005	-6.958	18.33	-31.35	98.20	-265.125	176.308	271.733	-0.57458	-0.29852	0.05365	-0.76010	28.1	10080.1.7	100
2024-1-4 19:7:42:381	WT901BLE67(D1376ACA69A3)	0.564	0.235	0.795	0.000	-0.671	-0.793	18.58	-31.57	97.70	-265.125	179.283	271.850	-0.57458	-0.29852	0.05365	-0.76010	28.1	10080.1.7	100
2024-1-4 19:7:42:503	WT901BLE67(D1376ACA69A3)	0.550	0.276	0.805	-0.183	-0.854	-0.671	18.50	-31.51	97.68	-265.125	179.283	271.850	-0.57458	-0.29852	0.05365	-0.76010	28.1	10080.1.7	100
2024-1-4 19:7:42:561	WT901BLE67(D1376ACA69A3)	0.559	0.274	0.812	4.333	-3.296	5.981	18.57	-31.81	97.92	-265.125	179.283	271.850	-0.59219	-0.30383	0.06009	-0.74380	28.1	10080.1.7	100
2024-1-4 19:7:42:719	WT901BLE67(D1376ACA69A3)	0.532	0.321	0.812	8.850	-8.728	10.986	18.87	-32.64	98.58	-265.125	179.283	271.850	-0.59219	-0.30383	0.06009	-0.74380	28.1	10080.1.7	100
2024-1-4 19:7:42:772	WT901BLE67(D1376ACA69A3)	0.508	0.279	0.788	13.184	-11.353	22.583	19.26	-34.24	100.06	-265.125	178.625	271.825	-0.59219	-0.30383	0.06009	-0.74380	28.1	10080.1.7	100
2024-1-4 19:7:42:894	WT901BLE67(D1376ACA69A3)	0.581	0.270	0.812	12.085	-5.371	32.410	18.93	-35.91	102.90	-265.125	178.625	271.825	-0.59219	-0.30383	0.06009	-0.74380	28.1	10080.1.7	100
2024-1-4 19:7:42:981	WT901BLE67(D1376ACA69A3)	0.613	0.191	0.740	7.935	-7.507	37.292	17.63	-37.51	106.77	-265.125	178.625	271.825	-0.54126	-0.33627	0.06760	-0.76764	28.1	10080.1.7	100
2024-1-4 19:7:43:104	WT901BLE67(D1376ACA69A3)	0.765	0.135	0.778	3.601	-3.479	42.297	15.17	-39.02	111.59	-265.125	178.625	271.825	-0.54126	-0.33627	0.06760	-0.76764	28.1	10080.1.7	100
2024-1-4 19:7:43:196	WT901BLE67(D1376ACA69A3)	0.636	0.104	0.692	11.963	-16.357	32.593	12.84	-40.74	116.14	-265.167	177.300	271.767	-0.54126	-0.33627	0.06760	-0.76764	28.1	10080.1.7	100
2024-1-4 19:7:43:314	WT901BLE67(D1376ACA69A3)	0.576	-0.047	0.781	21.301	-9.155	27.710	12.05	-42.53	119.98	-265.167	177.300	271.767	-0.54126	-0.33627	0.06760	-0.76764	28.1	10080.1.7	100
2024-1-4 19:7:43:371	WT901BLE67(D1376ACA69A3)	0.640	-0.054	0.681	20.569	-5.127	-2.502	12.91	-43.63	121.40	-265.167	177.300	271.767	-0.42215	-0.36551	0.09464	-0.82410	28.1	10080.1.7	100
2024-1-4 19:7:43:495	WT901BLE67(D1376ACA69A3)	0.726	-0.062	0.701	24.719	4.333	-8.728	15.30	-43.31	120.91	-265.167	177.300	271.767	-0.42215	-0.36551	0.09464	-0.82410	28.1	10080.1.7	100
2024-1-4 19:7:43:582	WT901BLE67(D1376ACA69A3)	0.868	-0.134	0.747	14.160	7.813	-8.789	17.30	-42.41	120.50	-271.625	175.358	271.650	-0.42215	-0.36551	0.09464	-0.82410	28.1	10080.1.7	100
2024-1-4 19:7:43:701	WT901BLE67(D1376ACA69A3)	0.571	0.114	0.895	-12.817	12.024	-23.193	17.84	-41.26	119.37	-271.625	175.358	271.650	-0.42215	-0.36551	0.09464	-0.82410	28.1	10080.1.7	100
2024-1-4 19:7:43:793	WT901BLE67(D1376ACA69A3)	0.555	0.647	0.694	-18.127	-12.939	-43.030	19.38	-41.57	113.84	-271.625	175.358	271.650	-0.42404	-0.37134	0.05087	-0.82440	28.1	10080.1.7	100
2024-1-4 19:7:43:914	WT901BLE67(D1376ACA69A3)	0.466	0.521	0.573	10.681	7.996	-1.892	21.19	-41.41	111.40	-271.625	175.358	271.650	-0.42404	-0.37134	0.05087	-0.82440	28.1	10080.1.7	100
2024-1-4 19:7:43:973	WT901BLE67(D1376ACA69A3)	0.444	0.195	0.581	2.319	5.981	-11.108	22.80	-40.77	110.46	-265.308	167.000	271.367	-0.42404	-0.37134	0.05087	-0.82440	28.1	10080.1.7	100
2024-1-4 19:7:44:123	WT901BLE67(D1376ACA69A3)	1.095	0.274	0.667	-13.123	21.606	18.555	21.65	-39.16	110.65	-265.308	167.000	271.367	-0.42404	-0.37134	0.05087	-0.82440	28.1	10080.1.7	100
2024-1-4 19:7:44:183	WT901BLE67(D1376ACA69A3)	0.736	0.396	0.594	-11.169	-2.136	14.954	17.63	-37.73	115.24	-265.308	167.000	271.367	-0.46780	-0.35922	0.04382	-0.80627	28.1	10080.1.7	100
2024-1-4 19:7:44:305	WT901BLE67(D1376ACA69A3)	0.451	0.110	0.767	-3.357	19.409	17.883	15.71	-37.96	117.29	-265.308	167.000	271.367	-0.46780	-0.35922	0.04382	-0.80627	28.1	10080.1.7	100
2024-1-4 19:7:44:393	WT901BLE67(D1376ACA69A3)	0.723	0.063	0.554	-13.489	1.831	-4.639	14.45	-37.86	117.62	-265.125	172.800	271.592	-0.46780	-0.35922	0.04382	-0.80627	28.1	10080.1.7	100
2024-1-4 19:7:44:514	WT901BLE67(D1376ACA69A3)	0.753	0.147	0.859	-19.348	13.306	-31.860	13.83	-36.36	116.19	-265.125	172.800	271.592	-0.46780	-0.35922	0.04382	-0.80627	28.1	10080.1.7	100
2024-1-4 19:7:44:602	WT901BLE67(D1376ACA69A3)	0.469	0.297	0.803	-14.404	-13.550	-26.855	14.24	-35.83	112.12	-265.125	172.800	271.592	-0.47443	-0.31970	0.06720	-0.81738	28.1	10080.1.7	100
2024-1-4 19:7:44:723	WT901BLE67(D1376ACA69A3)	0.457	0.250	0.773	-2.808	-13.916	-25.757	15.81	-37.10	108.64	-265.125	172.800	271.592	-0.47443	-0.31970	0.06720	-0.81738	28.1	10080.1.7	100
2024-1-4 19:7:44:784	WT901BLE67(D1376ACA69A3)	0.573	0.228	0.749	-2.625	-12.329	-20.386	17.65	-37.50	105.08	-265.125	175.725	271.708	-0.47443	-0.31970	0.06720	-0.81738	28.1	10080.1.7	100
2024-1-4 19:7:44:903	WT901BLE67(D1376ACA69A3)	0.558	0.249	0.787	-7.202	-3.357	-16.785	18.52	-37.27	102.82	-265.125	175.725	271.708	-0.47443	-0.31970	0.06720	-0.81738	28.1	10080.1.7	100
2024-1-4 19:7:44:993	WT901BLE67(D1376ACA69A3)	0.578	0.265	0.755	-12.085	-3.906	-18.188	18.82	-36.95	100.60	-265.125	175.725	271.708	-0.54871	-0.34094	0.07819	-0.75925	28.1	10080.1.7	100
2024-1-4 19:7:45:112	WT901BLE67(D1376ACA69A3)	0.609	0.253	0.773	-11.292	3.418	-11.597	18.61	-36.34	98.96	-265.125	175.725	271.708	-0.54871	-0.34094	0.07819	-0.75925	28.1	10080.1.7	100
2024-1-4 19:7:45:207	WT901BLE67(D1376ACA69A3)	0.575	0.270	0.778	-9.949	-0.549	-12.207	18.31	-35.82	97.61	-265.125	177.942	271.792	-0.54871	-0.34094	0.07819	-0.75925	28.1	10080.1.7	100
2024-1-4 19:7:45:325	WT901BLE67(D1376ACA69A3)	0.586	0.256	0.780	-6.409	-1.648	-10.071	18.35	-35.62	96.23	-265.125	177.942	271.792	-0.54871	-0.34094	0.07819	-0.75925	28.1	10080.1.7	100
2024-1-4 19:7:45:381	WT901BLE67(D1376ACA69A3)	0.571	0.248	0.785	-4.761	-3.479	-8.301	18.48	-35.61	95.11	-265.125	177.942	271.792	-0.54871	-0.34094	0.07819	-0.75925	28.1	10080.1.7	100
2024-1-4 19:7:45:533	WT901BLE67(D1376ACA69A3)	0.568	0.254	0.771	-3.296	-4.761	-7.141	18.69	-35.79	94.05	-265.125	177.942	271.792	-0.59341	-0.32581	0.08917	-0.73053	28.1	10080.1.7	100
2024-1-4 19:7:45:593	WT901BLE67(D1376ACA69A3)	0.582	0.248	0.776	-2.258	-1.709	-4.639	18.85	-35.84	93.31	-265.125	177.942	271.792	-0.59341	-0.32581	0.08917	-0.73053	28.1	10080.1.7	100
2024-1-4 19:7:45:712	WT901BLE67(D1376ACA69A3)	0.574	0.256	0.779	-2.136	-0.793	-4.395	18.91	-35.76	92.77	-265.125	180.883	271.908	-0.59341	-0.32581	0.08917	-0.73053	28.1	10080.1.7	100
2024-1-4 19:7:45:802	WT901BLE67(D1376ACA69A3)	0.580	0.260	0.772	-0.366	-1.160	-2.319	19.01	-35.76	92.38	-265.125	180.883	271.908	-0.61212	-0.32715	0.09598	-0.71341	28.1	10080.1.7	100
2024-1-4 19:7:45:922	WT901BLE67(D1376ACA69A3)	0.577	0.254	0.771	0.671	-0.122	-0.671	19.09	-35.74	92.25	-265.125	180.883	271.908	-0.61212	-0.32715	0.09598	-0.71341	28.1	10080.1.7	100
2024-1-4 19:7:46:12	WT901BLE67(D1376ACA69A3)	0.585	0.247	0.770	1.526	0.244	0.244	19.20	-35.72	92.27	-265.125	181.475	271.933	-0.61212	-0.32715	0.09598	-0.71341	28.1	10080.1.7	100
2024-1-4 19:7:46:131	WT901BLE67(D1376ACA69A3)	0.586	0.249	0.771	1.221	-0.427	0.183	19.28	-35.74	92.31	-265.125	181.475	271.933	-0.61212	-0.32715	0.09598	-0.71341	28.1	10080.1.7	100
2024-1-4 19:7:46:194	WT901BLE67(D1376ACA69A3)	0.581	0.252	0.771	1.282	-0.488	0.183	19.36	-35.78	92.34	-265.125	181.475	271.933	-0.61212	-0.32715	0.09598	-0.71341	28.1	10080.1.7	100
2024-1-4 19:7:46:313	WT901BLE67(D1376ACA69A3)	0.586	0.258	0.769	1.587	-0.366	0.488	19.45	-35.82	92.37	-265.125	181.475	271.933	-0.61270	-0.32880	0.09451	-0.71234	28.1	10080.1.7	100
2024-1-4 19:7:46:403	WT901BLE67(D1376ACA69A3)	0.604	0.261	0.769	2.747	-0.671	1.526	19.56	-35.91	92.53	-265.125	181.475	271.933	-0.61270	-0.32880	0.09451	-0.71234	28.1	10080.1.7	100
2024-1-4 19:7:46:522	WT901BLE67(D1376ACA69A3)	0.586	0.262	0.760	3.479	-1.770	1.221	19.78	-36.08	92.68	-265.125	181.058	271.917	-0.61270	-0.32880	0.09451	-0.71234	28.1	10080.1.7	100
2024-1-4 19:7:46:613	WT901BLE67(D1376ACA69A3)	0.604	0.261	0.758	3.906	-1.770	1.953	20.07	-36.32	92.77	-265.125	181.058	271.917	-0.60721	-0.33499	0.09219	-0.71448	28.1	10080.1.7	100
2024-1-4 19:7:46:732	WT901BLE67(D1376ACA69A3)	0.601	0.265	0.756	2.808	-2.258	1.526	20.28	-36.56	92.92	-265.125	181.058	271.917	-0.60721	-0.33499	0.09219	-0.71448	28.1	10080.1.7	100
2024-1-4 19:7:46:793	WT901BLE67(D1376ACA69A3)	0.587	0.272	0.742	4.028	-2.258	2.625	20.46	-36.82	93.11	-265.125	181.058	271.917	-0.60721	-0.33499	0.09219	-0.71448	28.1	10080.1.7	100
2024-1-4 19:7:46:942	WT901BLE67(D1376ACA69A3)	0.599	0.257	0.741	2.380	1.221	2.686	20.53	-36.86	93.48	-265.125	179.467	271.858	-0.60721	-0.33499	0.09219	-0.71448	28.1	10080.1.7	100
2024-1-4 19:7:47:2	WT901BLE67(D1376ACA69A3)	0.577	0.275	0.747	2.136	3.784	2.930	20.40	-36.64	93.93	-265.125	179.467	271.858	-0.60721	-0.33499	0.09219	-0.71448	28.1	10080.1.7	100
2024-1-4 19:7:47:124	WT901BLE67(D1376ACA69A3)	0.547	0.281	0.753	2.930	5.005	3.235	20.29	-36.32	94.50	-265.125	179.467	271.858	-0.59793	-0.34201	0.08948	-0.71930	28.1	10080.1.7	100
2024-1-4 19:7:47:210	WT901BLE67(D1376ACA69A3)	0.611	0.349	0.778	6.836	8.179	11.414	20.12	-35.90	95.50	-265.125	179.467	271.858	-0.59793	-0.34201	0.08948	-0.71930	28.1	10080.1.7	100
2024-1-4 19:7:47:331	WT901BLE67(D1376ACA69A3)	0.469	0.417	0.810	18.005	6.042	29.846	19.81	-35.68	98.01	-265.125	178.408	271.817	-0.59793	-0.34201	0.08948	-0.71930	28.1	10080.1.7	100
2024-1-4 19:7:47:423	WT901BLE67(D1376ACA69A3)	0.667	0.367	0.800	33.142	5.981	66.589	19.41	-36.81	103.10	-265.125	178.408	271.817	-0.55954	-0.33908	0.07083	-0.75287	28.1	10080.1.7	100
2024-1-4 19:7:47:544	WT901BLE67(D1376ACA69A3)	0.523	0.292	0.761	49.805	3.235	97.778	17.36	-38.59	113.16	-265.125	178.408	271.817	-0.55954	-0.33908	0.07083	-0.75287	28.1	10080.1.7	100
2024-1-4 19:7:47:603	WT901BLE67(D1376ACA69A3)	0.424	0.156	0.913	73.975	3.540	106.323	15.31	-41.34	126.38	-265.125	178.408	271.817	-0.55954	-0.33908	0.07083	-0.75287	28.1	10080.1.7	100
2024-1-4 19:7:47:721	WT901BLE67(D1376ACA69A3)	0.446	0.069	0.766	84.473	-2.075	89.478	14.33	-43.63	139.63	-265.917	171.667	271.550	-0.55954	-0.33908	0.07083	-0.75287	28.1	10080.1.7	100
2024-1-4 19:7:47:812	WT901BLE67(D1376ACA69A3)	0.477	0.059	0.917	96.497	3.662	69.641	15.56	-45.09	150.63	-265.917	171.667	271.550	-0.55954	-0.33908	0.07083	-0.75287	28.1	10080.1.7	100
2024-1-4 19:7:47:932	WT901BLE67(D1376ACA69A3)	0.628	-0.079	0.922	92.468	10.254	48.035	18.67	-45.72	159.49	-265.917	171.667	271.550	-0.20865	-0.39597	-0.00995	-0.89413	28.1	10080.1.7	100
2024-1-4 19:7:48:22	WT901BLE67(D1376ACA69A3)	0.997	-0.110	1.116	68.909	26.428	29.236	21.90	-44.98	166.25	-265.917	171.667	271.550	-0.20865	-0.39597	-0.00995	-0.89413	28.1	10080.1.7	100
2024-1-4 19:7:48:145	WT901BLE67(D1376ACA69A3)	0.854	0.076	0.729	20.996	11.841	2.991	23.29	-43.53	170.70	258.125	170.425	271.333	-0.20865	-0.39597	-0.00995	-0.89413	28.1	10080.1.7	100
2024-1-4 19:7:48:204	WT901BLE67(D1376ACA69A3)	0.273	0.581	0.612	23.682	-4.700	17.883	24.71	-43.39	170.08	258.125	170.425	271.333	-0.20865	-0.39597	-0.00995	-0.89413	28.1	10080.1.7	100
2024-1-4 19:7:48:353	WT901BLE67(D1376ACA69A3)	0.417	0.029	0.383	20.386	0.000	35.339	25.14	-45.99	173.63	258.125	170.425	271.333	-0.00043	-0.37222	-0.16226	-0.91379	28.1	10080.1.7	100
2024-1-4 19:7:48:413	WT901BLE67(D1376ACA69A3)	0.700	0.189	0.778	-4.639	26.184	9.827	23.12	-45.54	177.35	258.125	170.425	271.333	-0.00043	-0.37222	-0.16226	-0.91379	28.1	10080.1.7	100
2024-1-4 19:7:48:532	WT901BLE67(D1376ACA69A3)	0.833	0.438	0.978	-9.460	29.785	13.000	19.86	-43.21	-179.32	251.217	167.992	271.175	-0.00043	-0.37222	-0.16226	-0.91379	28.1	10080.1.7	100
2024-1-4 19:7:48:624	WT901BLE67(D1376ACA69A3)	1.137	0.216	0.846	-3.479	23.865	32.654	16.27	-41.03	-174.53	251.217	167.992	271.175	-0.00043	-0.37222	-0.16226	-0.91379	28.1	10080.1.7	100
2024-1-4 19:7:48:745	WT901BLE67(D1376ACA69A3)	0.269	0.351	0.655	24.719	4.150	27.954	15.21	-40.29	-173.18	251.217	167.992	271.175	0.08557	-0.34415	-0.15240	-0.92245	28.1	10080.1.7	100
2024-1-4 19:7:48:833	WT901BLE67(D1376ACA69A3)	0.331	0.148	0.581	42.053	-7.507	39.917	16.11	-42.42	-168.62	251.217	167.992	271.175	0.08557	-0.34415	-0.15240	-0.92245	28.1	10080.1.7	100
2024-1-4 19:7:48:953	WT901BLE67(D1376ACA69A3)	0.506	0.040	0.587	36.804	7.813	12.878	17.69	-43.12	-165.32	251.225	169.500	271.233	0.08557	-0.34415	-0.15240	-0.92245	28.1	10080.1.7	100
2024-1-4 19:7:49:12	WT901BLE67(D1376ACA69A3)	0.853	0.132	1.034	30.334	29.175	-13.245	20.39	-40.97	-164.45	251.225	169.500	271.233	0.08557	-0.34415	-0.15240	-0.92245	28.1	10080.1.7	100
2024-1-4 19:7:49:133	WT901BLE67(D1376ACA69A3)	1.190	0.198	0.942	-1.953	19.714	-34.424	22.80	-37.60	-166.05	251.225	169.500	271.233	0.18390	-0.32932	-0.20322	-0.90350	28.1	10080.1.7	100
2024-1-4 19:7:49:253	WT901BLE67(D1376ACA69A3)	0.270	0.415	0.720	-19.775	-7.751	-16.357	22.21	-36.35	-167.52	251.225	169.500	271.233	0.18390	-0.32932	-0.20322	-0.90350	28.1	10080.1.7	100
2024-1-4 19:7:49:348	WT901BLE67(D1376ACA69A3)	0.356	0.185	0.514	-21.729	-14.954	12.146	21.06	-38.01	-168.71	258.992	165.875	271.158	0.18390	-0.32932	-0.20322	-0.90350	28.1	10080.1.7	100
2024-1-4 19:7:49:433	WT901BLE67(D1376ACA69A3)	0.562	0.204	0.565	-32.715	0.366	13.245	17.13	-38.97	-167.32	258.992	165.875	271.158	0.18390	-0.32932	-0.20322	-0.90350	28.1	10080.1.7	100
2024-1-4 19:7:49:553	WT901BLE67(D1376ACA69A3)	0.544	0.488	1.011	-22.278	2.991	12.817	13.27	-38.89	-165.86	258.992	165.875	271.158	0.15192	-0.31149	-0.18219	-0.92010	28.1	10080.1.7	100
2024-1-4 19:7:49:614	WT901BLE67(D1376ACA69A3)	1.460	0.212	1.030	-7.141	11.902	26.001	10.95	-38.31	-163.96	258.992	165.875	271.158	0.15192	-0.31149	-0.18219	-0.92010	28.1	10080.1.7	100
2024-1-4 19:7:49:763	WT901BLE67(D1376ACA69A3)	0.608	0.185	0.892	-12.512	5.737	-9.094	9.68	-37.41	-163.75	265.133	166.058	271.208	0.15192	-0.31149	-0.18219	-0.92010	28.1	10080.1.7	100
2024-1-4 19:7:49:823	WT901BLE67(D1376ACA69A3)	-0.004	-0.280	0.732	-6.287	-43.823	38.025	8.94	-41.40	-161.42	265.133	166.058	271.208	0.15192	-0.31149	-0.18219	-0.92010	28.1	10080.1.7	100
2024-1-4 19:7:49:943	WT901BLE67(D1376ACA69A3)	-0.004	-0.084	0.175	-55.481	-65.002	-20.142	3.31	-47.30	-159.12	265.133	166.058	271.208	0.17044	-0.32162	-0.12915	-0.92236	28.1	10080.1.7	100
2024-1-4 19:7:50:92	WT901BLE67(D1376ACA69A3)	1.117	0.830	1.075	57.678	28.625	-24.658	2.26	-47.89	-162.76	78.517	113.183	269.158	0.17044	-0.32162	-0.12915	-0.92236	28.1	10080.1.7	100
2024-1-4 19:7:50:183	WT901BLE67(D1376ACA69A3)	0.499	0.289	1.381	19.287	-2.625	-8.240	9.26	-40.83	-167.50	78.517	113.183	269.158	0.17044	-0.32162	-0.12915	-0.92236	28.1	10080.1.7	100
2024-1-4 19:7:50:250	WT901BLE67(D1376ACA69A3)	1.508	-0.092	0.921	35.645	24.292	-19.836	13.81	-39.96	-167.61	78.517	113.183	269.158	0.17044	-0.32162	-0.12915	-0.92236	28.1	10080.1.7	100
2024-1-4 19:7:50:363	WT901BLE67(D1376ACA69A3)	0.154	0.197	0.698	-25.574	-11.902	-30.579	14.82	-39.61	-169.63	78.517	113.183	269.158	0.14185	-0.32892	-0.14429	-0.92236	28.1	10080.1.7	100
2024-1-4 19:7:50:424	WT901BLE67(D1376ACA69A3)	0.160	0.162	0.441	-6.104	-28.259	-2.930	15.76	-42.43	-173.16	78.517	113.183	269.158	0.14185	-0.32892	-0.14429	-0.92236	28.1	10080.1.7	100
2024-1-4 19:7:50:543	WT901BLE67(D1376ACA69A3)	0.680	0.165	0.624	-6.958	4.944	3.540	14.97	-43.40	-173.22	-206.017	165.417	271.283	0.14185	-0.32892	-0.14429	-0.92236	28.1	10080.1.7	100
2024-1-4 19:7:50:633	WT901BLE67(D1376ACA69A3)	0.703	0.380	1.124	-11.475	11.169	6.470	12.83	-41.54	-171.39	-206.017	165.417	271.283	0.14185	-0.32892	-0.14429	-0.92236	28.1	10080.1.7	100
2024-1-4 19:7:50:753	WT901BLE67(D1376ACA69A3)	1.453	0.231	0.995	-0.244	25.330	20.935	11.09	-39.55	-169.63	-206.017	165.417	271.283	0.10919	-0.34363	-0.13058	-0.92349	28.1	10080.1.7	100
2024-1-4 19:7:50:849	WT901BLE67(D1376ACA69A3)	0.185	0.168	0.754	24.963	4.639	11.902	11.30	-38.76	-169.32	-206.017	165.417	271.283	0.10919	-0.34363	-0.13058	-0.92349	28.1	10080.1.7	100
2024-1-4 19:7:50:993	WT901BLE67(D1376ACA69A3)	0.285	0.085	0.561	31.067	-19.897	11.841	13.50	-41.68	-167.21	173.558	170.483	271.383	0.10919	-0.34363	-0.13058	-0.92349	28.1	10080.1.7	100
2024-1-4 19:7:51:22	WT901BLE67(D1376ACA69A3)	0.454	-0.066	0.499	25.024	-3.235	3.906	15.71	-43.08	-166.71	173.558	170.483	271.383	0.10919	-0.34363	-0.13058	-0.92349	28.1	10080.1.7	100
2024-1-4 19:7:51:173	WT901BLE67(D1376ACA69A3)	0.746	0.144	1.082	10.864	19.226	-23.804	17.57	-41.27	-167.44	173.558	170.483	271.383	0.15533	-0.34695	-0.16675	-0.90970	28.1	10080.1.7	100
2024-1-4 19:7:51:233	WT901BLE67(D1376ACA69A3)	1.383	0.166	1.006	-4.333	25.269	-23.315	18.90	-38.02	-169.00	173.558	170.483	271.383	0.15533	-0.34695	-0.16675	-0.90970	28.1	10080.1.7	100
2024-1-4 19:7:51:353	WT901BLE67(D1376ACA69A3)	0.222	0.443	0.833	-22.766	-2.808	-14.099	17.76	-36.53	-170.85	256.333	179.358	271.658	0.15533	-0.34695	-0.16675	-0.90970	28.1	10080.1.7	100
2024-1-4 19:7:51:441	WT901BLE67(D1376ACA69A3)	0.382	0.160	0.474	-17.090	-18.555	9.399	16.54	-38.68	-171.68	256.333	179.358	271.658	0.15533	-0.34695	-0.16675	-0.90970	28.1	10080.1.7	100
2024-1-4 19:7:51:559	WT901BLE67(D1376ACA69A3)	8.312	0.236	0.607	-15.625	-9.827	5.737	14.53	-39.89	-171.48	256.333	179.358	271.658	0.11517	-0.31793	-0.15842	-0.92761	28.1	10080.1.7	100
2024-1-4 19:7:51:653	WT901BLE67(D1376ACA69A3)	0.760	-15.871	-5.014	-226.196	0.610	1328.125	-9.31	-14.05	137.82	256.333	179.358	271.658	0.11517	-0.31793	-0.15842	-0.92761	28.1	10080.1.7	100
2024-1-4 19:7:51:773	WT901BLE67(D1376ACA69A3)	1.262	0.215	1.050	-0.610	27.405	18.982	10.79	-37.64	-166.80	250.792	182.525	271.742	0.11517	-0.31793	-0.15842	-0.92761	28.1	10080.1.7	100
2024-1-4 19:7:51:834	WT901BLE67(D1376ACA69A3)	0.203	0.085	0.788	32.349	2.441	26.001	11.19	-37.12	-165.87	250.792	182.525	271.742	0.11517	-0.31793	-0.15842	-0.92761	28.1	10080.1.7	100
2024-1-4 19:7:51:951	WT901BLE67(D1376ACA69A3)	0.374	0.073	0.561	25.818	-19.958	8.728	12.97	-39.61	-163.36	250.792	182.525	271.742	0.14539	-0.30261	-0.12952	-0.93295	28.1	10080.1.7	100
2024-1-4 19:7:52:46	WT901BLE67(D1376ACA69A3)	0.473	-0.054	0.603	19.653	-5.615	-4.456	15.13	-40.68	-163.65	250.792	182.525	271.742	0.14539	-0.30261	-0.12952	-0.93295	28.1	10080.1.7	100
2024-1-4 19:7:52:162	WT901BLE67(D1376ACA69A3)	0.801	0.153	1.092	6.592	8.179	-25.879	17.20	-39.70	-165.40	244.725	192.317	272.075	0.14539	-0.30261	-0.12952	-0.93295	28.1	10080.1.7	100
2024-1-4 19:7:52:253	WT901BLE67(D1376ACA69A3)	1.063	0.156	0.990	-11.902	13.794	-27.161	18.39	-37.41	-167.73	244.725	192.317	272.075	0.14539	-0.30261	-0.12952	-0.93295	28.1	10080.1.7	100
2024-1-4 19:7:52:373	WT901BLE67(D1376ACA69A3)	0.226	0.389	0.752	-17.212	-15.137	-27.527	18.10	-37.76	-170.96	244.725	192.317	272.075	0.14847	-0.29779	-0.18314	-0.92499	28.1	10080.1.7	100
2024-1-4 19:7:52:588	WT901BLE67(D1376ACA69A3)	0.369	0.188	0.528	-9.583	-33.447	2.930	18.61	-40.53	-173.59	244.858	183.908	271.750	0.14847	-0.29779	-0.18314	-0.92499	28.1	10080.1.7	100
2024-1-4 19:7:52:611	WT901BLE67(D1376ACA69A3)	0.487	0.206	0.610	-18.677	-15.991	-0.427	17.61	-42.25	-174.79	244.858	183.908	271.750	0.14847	-0.29779	-0.18314	-0.92499	28.1	10080.1.7	100
2024-1-4 19:7:52:642	WT901BLE67(D1376ACA69A3)	0.857	0.396	1.054	-20.386	13.306	4.028	15.17	-41.98	-174.08	244.858	183.908	271.750	0.14847	-0.29779	-0.18314	-0.92499	28.1	10080.1.7	100
2024-1-4 19:9:15:870	WT901BLE67(D1376ACA69A3)	0.539	0.293	0.931	-20.325	16.785	-1.648	12.94	-39.77	-173.23	244.858	183.908	271.750	0.09436	-0.33307	-0.12802	-0.92935	28.1	10080.1.7	100
2024-1-4 19:9:15:983	WT901BLE67(D1376ACA69A3)	0.541	0.215	0.813	-0.977	0.244	-1.404	14.49	-32.19	132.70	244.858	183.908	271.750	0.09436	-0.33307	-0.12802	-0.92935	28.1	10080.1.7	100
2024-1-4 19:9:16:66	WT901BLE67(D1376ACA69A3)	0.531	0.218	0.823	-0.122	-0.183	-0.366	14.50	-32.18	132.62	270.308	197.267	272.475	0.09436	-0.33307	-0.12802	-0.92935	28.1	10080.1.7	100
2024-1-4 19:9:16:187	WT901BLE67(D1376ACA69A3)	0.529	0.220	0.829	0.000	-0.366	-0.488	14.53	-32.23	132.54	270.308	197.267	272.475	-0.35120	-0.30090	-0.00043	-0.88657	28.1	10080.1.7	100
2024-1-4 19:9:16:274	WT901BLE67(D1376ACA69A3)	0.527	0.212	0.812	0.366	-0.305	-0.122	14.58	-32.27	132.50	270.308	197.267	272.475	-0.35120	-0.30090	-0.00043	-0.88657	28.1	10080.1.7	100
2024-1-4 19:9:16:395	WT901BLE67(D1376ACA69A3)	0.529	0.207	0.807	0.549	-0.793	0.000	14.64	-32.31	132.48	270.308	197.267	272.475	-0.35120	-0.30090	-0.00043	-0.88657	28.1	10080.1.7	100
2024-1-4 19:9:16:465	WT901BLE67(D1376ACA69A3)	0.540	0.213	0.816	0.061	-0.122	0.122	14.68	-32.35	132.46	270.308	197.267	272.475	-0.35120	-0.30090	-0.00043	-0.88657	28.1	10080.1.7	100
2024-1-4 19:9:16:576	WT901BLE67(D1376ACA69A3)	0.539	0.216	0.818	0.000	0.488	-0.122	14.69	-32.38	132.43	270.308	197.267	272.475	-0.35120	-0.30090	-0.00043	-0.88657	28.1	10080.1.7	100
2024-1-4 19:9:16:671	WT901BLE67(D1376ACA69A3)	0.545	0.218	0.808	-0.061	0.000	-0.244	14.71	-32.44	132.41	270.308	197.267	272.475	-0.35120	-0.30090	-0.00043	-0.88657	27.5	10080.1.7	100
2024-1-4 19:9:16:787	WT901BLE67(D1376ACA69A3)	0.545	0.215	0.814	0.122	-0.122	-0.305	14.73	-32.46	132.40	270.308	197.267	272.475	-0.35120	-0.30090	-0.00043	-0.88657	27.5	10080.1.7	100
2024-1-4 19:9:16:876	WT901BLE67(D1376ACA69A3)	0.562	0.217	0.811	0.671	-0.488	0.244	14.77	-32.46	132.41	270.308	197.267	272.475	-0.35120	-0.30090	-0.00043	-0.88657	27.5	10080.1.7	100
2024-1-4 19:9:16:996	WT901BLE67(D1376ACA69A3)	0.484	0.279	0.832	4.395	-0.732	10.742	14.70	-32.59	132.95	270.308	197.267	272.475	-0.35120	-0.30090	-0.00043	-0.88657	27.5	10080.1.7	100
2024-1-4 19:9:17:64	WT901BLE67(D1376ACA69A3)	0.520	0.285	0.796	15.930	5.127	38.147	14.18	-33.07	136.08	270.425	197.108	272.467	-0.35120	-0.30090	-0.00043	-0.88657	27.5	10080.1.7	100
2024-1-4 19:9:17:176	WT901BLE67(D1376ACA69A3)	0.529	0.246	0.804	25.452	8.118	55.359	13.19	-33.45	142.01	270.425	197.108	272.467	-0.35120	-0.30090	-0.00043	-0.88657	27.5	10080.1.7	100
2024-1-4 19:9:17:268	WT901BLE67(D1376ACA69A3)	0.542	0.200	0.829	34.058	9.521	62.500	12.36	-33.83	149.30	270.425	197.108	272.467	-0.28836	-0.30606	-0.00934	-0.90720	27.5	10080.1.7	100
2024-1-4 19:9:17:387	WT901BLE67(D1376ACA69A3)	0.575	0.136	0.827	34.363	8.911	55.237	11.89	-34.13	156.48	270.425	197.108	272.467	-0.28836	-0.30606	-0.00934	-0.90720	27.5	10080.1.7	100
2024-1-4 19:9:17:477	WT901BLE67(D1376ACA69A3)	0.585	0.085	0.830	26.611	6.348	37.781	11.76	-34.32	162.06	264.350	203.292	272.658	-0.28836	-0.30606	-0.00934	-0.90720	27.5	10080.1.7	100
2024-1-4 19:9:17:597	WT901BLE67(D1376ACA69A3)	0.580	0.088	0.804	16.724	1.831	20.081	11.85	-34.55	165.37	264.350	203.292	272.658	-0.28836	-0.30606	-0.00934	-0.90720	27.5	10080.1.7	100
2024-1-4 19:9:17:688	WT901BLE67(D1376ACA69A3)	0.576	0.082	0.807	3.357	-0.854	0.916	12.00	-34.73	166.71	264.350	203.292	272.658	-0.09720	-0.30527	-0.05780	-0.94547	27.5	10080.1.7	100
2024-1-4 19:9:17:808	WT901BLE67(D1376ACA69A3)	0.564	0.134	0.796	-4.150	-2.747	-9.460	12.11	-34.86	166.17	264.350	203.292	272.658	-0.09720	-0.30527	-0.05780	-0.94547	27.5	10080.1.7	100
2024-1-4 19:9:17:869	WT901BLE67(D1376ACA69A3)	0.578	0.128	0.812	-8.301	-3.113	-15.686	12.29	-34.93	164.73	260.908	207.892	272.817	-0.09720	-0.30527	-0.05780	-0.94547	27.5	10080.1.7	100
2024-1-4 19:9:17:987	WT901BLE67(D1376ACA69A3)	0.581	0.137	0.799	-13.672	-5.005	-23.987	12.49	-34.93	162.40	260.908	207.892	272.817	-0.09720	-0.30527	-0.05780	-0.94547	27.5	10080.1.7	100
2024-1-4 19:9:18:80	WT901BLE67(D1376ACA69A3)	0.575	0.162	0.823	-17.517	-7.996	-31.555	12.83	-34.97	159.00	260.908	207.892	272.817	-0.10944	-0.31042	-0.05774	-0.94244	27.5	10080.1.7	100
2024-1-4 19:9:18:196	WT901BLE67(D1376ACA69A3)	0.576	0.198	0.811	-18.555	-10.986	-35.583	13.39	-35.14	154.76	260.908	207.892	272.817	-0.10944	-0.31042	-0.05774	-0.94244	27.5	10080.1.7	100
2024-1-4 19:9:18:288	WT901BLE67(D1376ACA69A3)	0.553	0.213	0.783	-17.456	-13.611	-34.424	14.19	-35.46	150.19	261.900	203.875	272.667	-0.10944	-0.31042	-0.05774	-0.94244	27.5	10080.1.7	100
2024-1-4 19:9:18:417	WT901BLE67(D1376ACA69A3)	0.572	0.217	0.791	-18.066	-12.573	-31.128	14.93	-35.86	145.87	261.900	203.875	272.667	-0.10944	-0.31042	-0.05774	-0.94244	27.5	10080.1.7	100
2024-1-4 19:9:18:573	WT901BLE67(D1376ACA69A3)	0.537	0.216	0.790	-18.433	-12.207	-26.855	15.34	-36.21	142.04	261.900	203.875	272.667	-0.22928	-0.32651	-0.03091	-0.91638	27.5	10080.1.7	100
2024-1-4 19:9:18:585	WT901BLE67(D1376ACA69A3)	0.566	0.215	0.746	-22.888	-14.526	-28.259	15.51	-36.69	138.37	261.900	203.875	272.667	-0.22928	-0.32651	-0.03091	-0.91638	27.5	10080.1.7	100
2024-1-4 19:12:45:469	WT901BLE67(D1376ACA69A3)	0.419	0.298	0.786	-18.188	-4.761	-14.038	15.28	-36.96	135.13	261.900	203.875	272.667	-0.22928	-0.32651	-0.03091	-0.91638	27.5	10080.1.7	100
2024-1-4 19:12:45:564	WT901BLE67(D1376ACA69A3)	0.489	0.379	0.870	-15.747	9.033	2.380	16.90	-40.78	145.03	261.900	203.875	272.667	-0.22928	-0.32651	-0.03091	-0.91638	27.5	10080.1.7	100
2024-1-4 19:12:45:680	WT901BLE67(D1376ACA69A3)	1.201	0.334	1.066	-10.010	23.865	12.878	14.79	-38.79	146.48	261.900	203.875	272.667	-0.22928	-0.32651	-0.03091	-0.91638	27.5	10080.1.7	100
2024-1-4 19:12:45:738	WT901BLE67(D1376ACA69A3)	0.553	0.289	0.762	-10.986	6.042	-0.793	12.98	-36.34	147.72	261.900	203.875	272.667	-0.22928	-0.32651	-0.03091	-0.91638	27.5	10080.1.7	100
2024-1-4 19:12:45:864	WT901BLE67(D1376ACA69A3)	0.396	0.141	0.714	28.687	-7.507	32.410	13.72	-37.38	149.44	207.383	266.808	-271.433	-0.22928	-0.32651	-0.03091	-0.91638	27.5	10080.1.7	100
2024-1-4 19:12:45:948	WT901BLE67(D1376ACA69A3)	0.423	0.017	0.574	22.522	-10.620	16.541	14.47	-39.01	152.68	207.383	266.808	-271.433	-0.22928	-0.32651	-0.03091	-0.91638	27.5	10080.1.7	100
2024-1-4 19:12:46:69	WT901BLE67(D1376ACA69A3)	0.595	0.090	0.729	17.029	-11.475	-5.005	16.03	-39.84	153.11	207.383	266.808	-271.433	-0.22928	-0.32651	-0.03091	-0.91638	27.5	10080.1.7	100
2024-1-4 19:12:46:167	WT901BLE67(D1376ACA69A3)	0.460	0.208	1.000	10.376	2.625	-17.700	18.09	-39.28	151.53	207.383	266.808	-271.433	-0.22928	-0.32651	-0.03091	-0.91638	27.5	10080.1.7	100
2024-1-4 19:12:46:280	WT901BLE67(D1376ACA69A3)	1.288	0.036	0.892	-1.953	21.545	-24.048	19.76	-36.89	149.69	207.383	266.808	-271.433	-0.22928	-0.32651	-0.03091	-0.91638	25.2	10080.1.7	100
2024-1-4 19:12:46:341	WT901BLE67(D1376ACA69A3)	0.249	0.471	0.733	-28.931	-8.667	-39.368	18.90	-35.58	146.29	207.383	266.808	-271.433	-0.22928	-0.32651	-0.03091	-0.91638	25.2	10080.1.7	100
2024-1-4 19:12:46:465	WT901BLE67(D1376ACA69A3)	0.451	0.355	0.589	-4.944	-12.146	9.399	19.00	-36.71	143.82	207.383	266.808	-271.433	-0.22928	-0.32651	-0.03091	-0.91638	25.2	10080.1.7	100
2024-1-4 19:12:46:550	WT901BLE67(D1376ACA69A3)	0.412	0.164	0.622	-2.747	-5.127	11.902	18.24	-37.55	144.62	207.383	266.808	-271.433	-0.22928	-0.32651	-0.03091	-0.91638	25.2	10080.1.7	100
2024-1-4 19:12:46:668	WT901BLE67(D1376ACA69A3)	0.547	0.283	0.865	-7.202	-2.502	22.034	16.48	-38.35	146.46	207.383	266.808	-271.433	-0.23749	-0.34787	-0.04810	-0.90564	25.2	10080.1.7	100
2024-1-4 19:12:46:764	WT901BLE67(D1376ACA69A3)	0.959	0.258	1.138	-13.977	3.723	42.664	13.04	-38.61	150.36	207.383	266.808	-271.433	-0.23749	-0.34787	-0.04810	-0.90564	25.2	10080.1.7	100
2024-1-4 19:12:46:879	WT901BLE67(D1376ACA69A3)	0.569	0.121	0.829	-23.865	0.488	21.118	8.36	-38.31	154.83	197.017	266.658	-271.517	-0.23749	-0.34787	-0.04810	-0.90564	25.2	10080.1.7	100
2024-1-4 19:12:46:970	WT901BLE67(D1376ACA69A3)	0.370	0.108	0.693	29.602	-7.507	33.813	7.24	-39.86	157.94	197.017	266.658	-271.517	-0.23749	-0.34787	-0.04810	-0.90564	25.2	10080.1.7	100
2024-1-4 19:12:47:90	WT901BLE67(D1376ACA69A3)	0.459	0.046	0.583	38.696	-13.428	25.452	8.21	-41.59	162.05	197.017	266.658	-271.517	-0.16373	-0.34308	0.00882	-0.92484	25.2	10080.1.7	100
2024-1-4 19:12:47:150	WT901BLE67(D1376ACA69A3)	0.511	0.021	0.688	40.527	-5.371	2.869	11.21	-42.05	163.49	197.017	266.658	-271.517	-0.16373	-0.34308	0.00882	-0.92484	25.2	10080.1.7	100
2024-1-4 19:12:47:270	WT901BLE67(D1376ACA69A3)	0.466	0.072	0.999	32.471	10.010	-19.287	15.40	-41.36	162.39	185.225	267.858	-271.567	-0.16373	-0.34308	0.00882	-0.92484	25.2	10080.1.7	100
2024-1-4 19:12:47:372	WT901BLE67(D1376ACA69A3)	1.529	0.017	1.013	9.888	24.170	-45.410	19.52	-38.61	159.25	185.225	267.858	-271.567	-0.16373	-0.34308	0.00882	-0.92484	25.2	10080.1.7	100
2024-1-4 19:12:47:480	WT901BLE67(D1376ACA69A3)	0.268	0.338	0.774	-46.936	1.831	-57.251	19.52	-35.80	154.96	185.225	267.858	-271.567	-0.10510	-0.35501	-0.09277	-0.92422	25.2	10080.1.7	100
2024-1-4 19:12:47:570	WT901BLE67(D1376ACA69A3)	0.371	0.251	0.702	-32.410	-23.621	-29.846	19.87	-36.61	147.94	185.225	267.858	-271.567	-0.10510	-0.35501	-0.09277	-0.92422	25.2	10080.1.7	100
2024-1-4 19:12:47:690	WT901BLE67(D1376ACA69A3)	0.359	0.063	0.537	-45.044	-21.851	-36.682	18.43	-37.83	143.65	210.208	267.367	-271.383	-0.10510	-0.35501	-0.09277	-0.92422	25.2	10080.1.7	100
2024-1-4 19:12:47:751	WT901BLE67(D1376ACA69A3)	0.464	0.183	0.958	-59.326	-16.113	-49.805	16.56	-38.06	137.63	210.208	267.367	-271.383	-0.10510	-0.35501	-0.09277	-0.92422	25.2	10080.1.7	100
2024-1-4 19:12:47:869	WT901BLE67(D1376ACA69A3)	0.760	0.492	1.149	-50.598	-6.226	-43.640	14.90	-37.43	130.94	210.208	267.367	-271.383	-0.28851	-0.35074	-0.01385	-0.89075	25.2	10080.1.7	100
2024-1-4 19:12:47:971	WT901BLE67(D1376ACA69A3)	0.787	0.498	0.776	-37.537	2.319	-25.879	13.11	-36.32	127.77	210.208	267.367	-271.383	-0.28851	-0.35074	-0.01385	-0.89075	25.2	10080.1.7	100
2024-1-4 19:12:48:80	WT901BLE67(D1376ACA69A3)	0.402	0.631	0.774	34.607	9.827	45.837	13.60	-36.25	128.33	226.033	267.858	-271.242	-0.28851	-0.35074	-0.01385	-0.89075	25.2	10080.1.7	100
2024-1-4 19:12:48:172	WT901BLE67(D1376ACA69A3)	0.239	0.333	0.655	82.703	0.366	95.459	15.07	-38.31	137.93	226.033	267.858	-271.242	-0.28851	-0.35074	-0.01385	-0.89075	25.2	10080.1.7	100
2024-1-4 19:12:48:290	WT901BLE67(D1376ACA69A3)	0.174	0.264	0.793	112.488	10.742	121.155	16.58	-40.55	151.98	226.033	267.858	-271.242	-0.31546	-0.34341	0.00897	-0.88452	25.2	10080.1.7	100
2024-1-4 19:12:48:379	WT901BLE67(D1376ACA69A3)	0.550	0.108	0.938	119.324	20.691	117.249	17.86	-42.04	167.90	226.033	267.858	-271.242	-0.31546	-0.34341	0.00897	-0.88452	25.2	10080.1.7	100
2024-1-4 19:12:48:501	WT901BLE67(D1376ACA69A3)	1.293	-0.163	1.181	79.468	25.146	65.063	18.90	-41.50	-179.08	221.675	266.567	-271.325	-0.31546	-0.34341	0.00897	-0.88452	25.2	10080.1.7	100
2024-1-4 19:12:48:570	WT901BLE67(D1376ACA69A3)	0.605	-0.261	0.739	-3.113	8.362	1.770	18.78	-40.55	-175.14	221.675	266.567	-271.325	-0.31546	-0.34341	0.00897	-0.88452	25.2	10080.1.7	100
2024-1-4 19:12:48:679	WT901BLE67(D1376ACA69A3)	0.376	0.063	0.626	-31.067	-10.193	-24.292	17.76	-40.92	-177.63	221.675	266.567	-271.325	0.09549	-0.33514	-0.16782	-0.92212	25.2	10080.1.7	100
2024-1-4 19:12:48:773	WT901BLE67(D1376ACA69A3)	0.314	0.076	0.525	-52.795	-18.616	-48.584	16.23	-41.72	177.47	221.675	266.567	-271.325	0.09549	-0.33514	-0.16782	-0.92212	25.2	10080.1.7	100
2024-1-4 19:12:48:891	WT901BLE67(D1376ACA69A3)	0.511	0.240	0.782	-58.716	-13.306	-59.937	15.58	-41.36	169.52	211.400	265.042	-271.467	0.09549	-0.33514	-0.16782	-0.92212	25.2	10080.1.7	100
2024-1-4 19:12:48:979	WT901BLE67(D1376ACA69A3)	0.514	0.377	1.024	-53.772	-2.136	-56.885	15.00	-39.63	161.41	211.400	265.042	-271.467	0.09549	-0.33514	-0.16782	-0.92212	25.2	10080.1.7	100
2024-1-4 19:12:49:99	WT901BLE67(D1376ACA69A3)	0.976	0.277	0.908	-47.791	11.658	-49.011	14.10	-37.41	154.86	211.400	265.042	-271.467	-0.09424	-0.35345	-0.07190	-0.92786	25.2	10080.1.7	100
2024-1-4 19:12:49:171	WT901BLE67(D1376ACA69A3)	0.370	0.384	0.838	1.770	2.258	-0.061	14.28	-36.32	149.42	211.400	265.042	-271.467	-0.09424	-0.35345	-0.07190	-0.92786	25.2	10080.1.7	100
2024-1-4 19:12:49:279	WT901BLE67(D1376ACA69A3)	0.406	0.141	0.615	19.897	-8.362	16.357	15.37	-37.89	150.31	225.625	267.858	-271.250	-0.09424	-0.35345	-0.07190	-0.92786	25.2	10080.1.7	100
2024-1-4 19:12:49:374	WT901BLE67(D1376ACA69A3)	0.425	0.030	0.629	17.395	-5.310	6.470	16.48	-38.88	151.40	225.625	267.858	-271.250	-0.09424	-0.35345	-0.07190	-0.92786	25.2	10080.1.7	100
2024-1-4 19:12:49:490	WT901BLE67(D1376ACA69A3)	0.424	0.165	0.935	9.216	-1.343	-14.709	18.10	-38.89	150.55	225.625	267.858	-271.250	-0.18179	-0.35391	-0.05270	-0.91586	25.2	10080.1.7	100
2024-1-4 19:12:49:581	WT901BLE67(D1376ACA69A3)	1.442	0.200	1.070	11.353	21.729	-3.601	19.37	-37.56	150.18	225.625	267.858	-271.250	-0.18179	-0.35391	-0.05270	-0.91586	25.2	10080.1.7	100
2024-1-4 19:12:49:732	WT901BLE67(D1376ACA69A3)	0.379	0.214	0.765	-31.982	-2.441	-15.076	18.56	-35.48	150.22	228.725	267.858	-271.225	-0.18179	-0.35391	-0.05270	-0.91586	25.2	10080.1.7	100
2024-1-4 19:12:49:793	WT901BLE67(D1376ACA69A3)	0.272	0.369	0.718	-15.747	-19.043	-16.907	18.24	-36.73	146.60	228.725	267.858	-271.225	-0.18179	-0.35391	-0.05270	-0.91586	25.2	10080.1.7	100
2024-1-4 19:12:49:912	WT901BLE67(D1376ACA69A3)	0.379	0.174	0.450	-15.015	-14.282	-10.010	18.13	-38.50	144.84	228.725	267.858	-271.225	-0.21799	-0.33865	-0.05630	-0.91351	25.2	10080.1.7	100
2024-1-4 19:12:49:972	WT901BLE67(D1376ACA69A3)	0.611	0.317	0.797	-11.658	-2.380	7.263	17.11	-38.58	144.18	228.725	267.858	-271.225	-0.21799	-0.33865	-0.05630	-0.91351	25.2	10080.1.7	100
2024-1-4 19:12:50:92	WT901BLE67(D1376ACA69A3)	0.595	0.352	1.089	-4.272	11.780	18.982	15.29	-37.95	145.93	227.442	267.858	-271.233	-0.21799	-0.33865	-0.05630	-0.91351	25.2	10080.1.7	100
2024-1-4 19:12:50:179	WT901BLE67(D1376ACA69A3)	1.086	0.237	0.930	-9.460	25.452	11.963	13.34	-36.51	148.60	227.442	267.858	-271.233	-0.21799	-0.33865	-0.05630	-0.91351	25.2	10080.1.7	100
2024-1-4 19:12:50:300	WT901BLE67(D1376ACA69A3)	0.324	0.264	0.655	33.569	-6.226	33.325	13.16	-36.05	149.25	227.442	267.858	-271.233	-0.21982	-0.32828	-0.02176	-0.91833	25.2	10080.1.7	100
2024-1-4 19:12:50:392	WT901BLE67(D1376ACA69A3)	0.434	0.086	0.707	35.889	-7.446	35.339	14.31	-37.95	153.91	227.442	267.858	-271.233	-0.21982	-0.32828	-0.02176	-0.91833	25.2	10080.1.7	100
2024-1-4 19:12:50:511	WT901BLE67(D1376ACA69A3)	0.445	-0.018	0.638	23.804	-4.883	-0.916	15.86	-38.92	155.90	220.342	267.858	-271.292	-0.21982	-0.32828	-0.02176	-0.91833	25.2	10080.1.7	100
2024-1-4 19:12:50:571	WT901BLE67(D1376ACA69A3)	0.446	0.119	0.881	14.954	-2.991	-16.907	18.16	-39.03	154.88	220.342	267.858	-271.292	-0.21982	-0.32828	-0.02176	-0.91833	25.2	10080.1.7	100
2024-1-4 19:12:50:690	WT901BLE67(D1376ACA69A3)	1.378	0.173	1.062	5.737	18.066	-15.015	19.94	-37.67	153.55	220.342	267.858	-271.292	-0.15015	-0.35416	-0.07202	-0.92020	25.2	10080.1.7	100
2024-1-4 19:12:50:780	WT901BLE67(D1376ACA69A3)	0.391	0.211	0.742	-40.344	-8.850	-31.738	19.25	-35.19	151.56	220.342	267.858	-271.292	-0.15015	-0.35416	-0.07202	-0.92020	25.2	10080.1.7	100
2024-1-4 19:12:50:900	WT901BLE67(D1376ACA69A3)	0.270	0.459	0.702	-16.418	-18.433	-20.508	19.29	-36.46	146.99	214.625	267.858	-271.333	-0.15015	-0.35416	-0.07202	-0.92020	25.2	10080.1.7	100
2024-1-4 19:12:50:990	WT901BLE67(D1376ACA69A3)	0.393	0.201	0.491	-8.850	-10.498	-0.732	19.10	-38.19	145.89	214.625	267.858	-271.333	-0.15015	-0.35416	-0.07202	-0.92020	25.2	10080.1.7	100
2024-1-4 19:12:51:111	WT901BLE67(D1376ACA69A3)	0.698	0.249	0.743	-14.343	-7.935	6.775	17.90	-38.50	145.90	214.625	267.858	-271.333	-0.22308	-0.35458	-0.05252	-0.90643	25.2	10080.1.7	100
2024-1-4 19:12:51:199	WT901BLE67(D1376ACA69A3)	0.706	0.388	1.167	-11.841	6.287	8.545	15.91	-38.14	147.12	214.625	267.858	-271.333	-0.22308	-0.35458	-0.05252	-0.90643	25.2	10080.1.7	100
2024-1-4 19:12:51:319	WT901BLE67(D1376ACA69A3)	0.915	0.216	0.840	-18.433	8.301	0.793	14.24	-37.68	147.73	218.650	267.858	-271.300	-0.22308	-0.35458	-0.05252	-0.90643	25.2	10080.1.7	100
2024-1-4 19:12:51:380	WT901BLE67(D1376ACA69A3)	0.404	0.299	0.590	15.808	-10.071	16.602	13.95	-38.35	146.95	218.650	267.858	-271.300	-0.22308	-0.35458	-0.05252	-0.90643	25.2	10080.1.7	100
2024-1-4 19:12:51:530	WT901BLE67(D1376ACA69A3)	0.373	0.093	0.688	24.475	-12.329	26.917	14.67	-40.18	149.69	218.650	267.858	-271.300	-0.22925	-0.34436	-0.01691	-0.91019	25.2	10080.1.7	100
2024-1-4 19:12:51:590	WT901BLE67(D1376ACA69A3)	0.402	0.052	0.632	19.348	-4.395	-0.305	15.77	-41.14	151.02	218.650	267.858	-271.300	-0.22925	-0.34436	-0.01691	-0.91019	25.2	10080.1.7	100
2024-1-4 19:12:51:711	WT901BLE67(D1376ACA69A3)	0.539	0.123	0.837	15.808	5.066	-15.930	18.09	-40.62	149.92	213.342	267.858	-271.342	-0.22925	-0.34436	-0.01691	-0.91019	25.2	10080.1.7	100
2024-1-4 19:12:51:800	WT901BLE67(D1376ACA69A3)	1.150	0.143	1.091	10.742	19.287	-15.381	19.82	-38.62	149.03	213.342	267.858	-271.342	-0.22925	-0.34436	-0.01691	-0.91019	25.2	10080.1.7	100
2024-1-4 19:12:52:15	WT901BLE67(D1376ACA69A3)	0.483	0.163	0.810	-28.625	3.113	-24.353	19.91	-36.06	147.36	213.342	267.858	-271.342	-0.19403	-0.35562	-0.07108	-0.91144	25.2	10080.1.7	100
2024-1-4 19:12:52:16	WT901BLE67(D1376ACA69A3)	0.324	0.512	0.769	-14.404	-15.320	-21.729	19.74	-36.96	143.21	213.342	267.858	-271.342	-0.19403	-0.35562	-0.07108	-0.91144	25.2	10080.1.7	100
2024-1-4 19:12:52:101	WT901BLE67(D1376ACA69A3)	0.404	0.213	0.499	-5.188	-18.005	3.418	20.06	-38.83	141.93	213.342	267.858	-271.342	-0.19403	-0.35562	-0.07108	-0.91144	25.2	10080.1.7	100
2024-1-4 19:15:51:597	WT901BLE67(D1376ACA69A3)	0.550	0.244	0.709	-7.935	-7.629	6.226	19.42	-39.61	141.97	219.017	267.858	-271.300	-0.19403	-0.35562	-0.07108	-0.91144	25.2	10080.1.7	100
2024-1-4 19:15:51:651	WT901BLE67(D1376ACA69A3)	0.551	0.179	0.816	0.061	0.000	0.000	12.80	-33.32	56.24	219.017	267.858	-271.300	-0.19403	-0.35562	-0.07108	-0.91144	25.2	10080.1.7	100
2024-1-4 19:15:51:772	WT901BLE67(D1376ACA69A3)	0.549	0.181	0.815	-0.061	-0.305	0.000	12.79	-33.34	56.24	-15.875	267.858	-270.875	-0.19403	-0.35562	-0.07108	-0.91144	25.2	10080.1.7	100
2024-1-4 19:15:51:866	WT901BLE67(D1376ACA69A3)	0.552	0.176	0.813	0.000	-0.244	0.244	12.77	-33.39	56.28	-15.875	267.858	-270.875	-0.19403	-0.35562	-0.07108	-0.91144	25.2	10080.1.7	100
2024-1-4 19:15:51:981	WT901BLE67(D1376ACA69A3)	0.553	0.178	0.812	0.061	-0.244	0.183	12.74	-33.42	56.30	-15.875	267.858	-270.875	-0.82425	-0.22855	0.20160	-0.47711	25.2	10080.1.7	100
2024-1-4 19:15:52:71	WT901BLE67(D1376ACA69A3)	0.547	0.176	0.811	0.000	-0.061	0.061	12.73	-33.44	56.33	-15.875	267.858	-270.875	-0.82425	-0.22855	0.20160	-0.47711	25.2	10080.1.7	100
2024-1-4 19:15:52:192	WT901BLE67(D1376ACA69A3)	0.549	0.180	0.809	0.305	-0.183	0.000	12.73	-33.45	56.34	-15.875	267.858	-270.875	-0.82425	-0.22855	0.20160	-0.47711	25.2	10080.1.7	100
2024-1-4 19:15:52:313	WT901BLE67(D1376ACA69A3)	0.552	0.176	0.812	0.122	0.183	-0.488	12.76	-33.43	56.33	-15.875	267.858	-270.875	-0.82425	-0.22855	0.20160	-0.47711	25.2	10080.1.7	100
2024-1-4 19:15:52:404	WT901BLE67(D1376ACA69A3)	0.554	0.177	0.812	0.061	0.549	-0.244	12.77	-33.37	56.32	-15.875	267.858	-270.875	-0.82425	-0.22855	0.20160	-0.47711	23.6	10080.1.7	100
2024-1-4 19:15:52:464	WT901BLE67(D1376ACA69A3)	0.551	0.176	0.813	-0.061	0.183	-0.183	12.76	-33.34	56.31	-15.875	267.858	-270.875	-0.82425	-0.22855	0.20160	-0.47711	23.6	10080.1.7	100
2024-1-4 19:15:52:583	WT901BLE67(D1376ACA69A3)	0.548	0.176	0.813	-0.183	0.000	-0.244	12.74	-33.34	56.29	-15.875	267.858	-270.875	-0.82425	-0.22855	0.20160	-0.47711	23.6	10080.1.7	100
2024-1-4 19:15:52:671	WT901BLE67(D1376ACA69A3)	0.548	0.179	0.814	-0.122	0.183	-0.244	12.73	-33.33	56.27	-15.875	267.858	-270.875	-0.82425	-0.22855	0.20160	-0.47711	23.6	10080.1.7	100
2024-1-4 19:15:52:791	WT901BLE67(D1376ACA69A3)	0.547	0.178	0.815	-0.122	0.122	-0.549	12.73	-33.31	56.23	-7.933	267.858	-270.875	-0.82425	-0.22855	0.20160	-0.47711	23.6	10080.1.7	100
2024-1-4 19:15:52:882	WT901BLE67(D1376ACA69A3)	0.547	0.181	0.812	0.305	-0.122	-0.244	12.75	-33.29	56.18	-7.933	267.858	-270.875	-0.82425	-0.22855	0.20160	-0.47711	23.6	10080.1.7	100
2024-1-4 19:15:53:3	WT901BLE67(D1376ACA69A3)	0.551	0.172	0.812	0.122	0.244	-0.610	12.79	-33.28	56.16	-7.933	267.858	-270.875	-0.82495	-0.22803	0.20102	-0.47638	23.6	10080.1.7	100
2024-1-4 19:15:53:65	WT901BLE67(D1376ACA69A3)	0.545	0.180	0.817	-0.427	0.610	-0.183	12.78	-33.22	56.11	-7.933	267.858	-270.875	-0.82495	-0.22803	0.20102	-0.47638	23.6	10080.1.7	100
2024-1-4 19:15:53:181	WT901BLE67(D1376ACA69A3)	0.545	0.179	0.814	-0.061	0.732	0.244	12.73	-33.17	56.13	35.225	267.858	-270.875	-0.82495	-0.22803	0.20102	-0.47638	23.6	10080.1.7	100
2024-1-4 19:15:53:271	WT901BLE67(D1376ACA69A3)	0.546	0.178	0.817	-0.427	0.671	-0.366	12.69	-33.10	56.16	35.225	267.858	-270.875	-0.82495	-0.22803	0.20102	-0.47638	23.6	10080.1.7	100
2024-1-4 19:15:53:391	WT901BLE67(D1376ACA69A3)	0.544	0.180	0.820	-0.122	0.549	-0.671	12.67	-33.02	56.11	35.225	267.858	-270.875	-0.82581	-0.22656	0.19980	-0.47614	23.6	10080.1.7	100
2024-1-4 19:15:53:480	WT901BLE67(D1376ACA69A3)	0.544	0.174	0.821	0.122	0.244	-0.671	12.69	-33.00	56.06	35.225	267.858	-270.875	-0.82581	-0.22656	0.19980	-0.47614	23.6	10080.1.7	100
2024-1-4 19:15:53:601	WT901BLE67(D1376ACA69A3)	0.542	0.184	0.818	0.061	-0.183	-0.671	12.73	-32.98	55.97	-45.808	267.858	-270.867	-0.82581	-0.22656	0.19980	-0.47614	23.6	10080.1.7	100
2024-1-4 19:15:53:692	WT901BLE67(D1376ACA69A3)	0.542	0.177	0.822	-0.122	0.488	-0.427	12.75	-32.94	55.94	-45.808	267.858	-270.867	-0.82581	-0.22656	0.19980	-0.47614	23.6	10080.1.7	100
2024-1-4 19:15:53:812	WT901BLE67(D1376ACA69A3)	0.547	0.179	0.819	-0.366	0.488	-0.305	12.73	-32.88	55.91	-45.808	267.858	-270.867	-0.82706	-0.22604	0.19873	-0.47464	23.6	10080.1.7	100
2024-1-4 19:15:53:871	WT901BLE67(D1376ACA69A3)	0.544	0.178	0.819	-0.061	0.000	-0.061	12.70	-32.84	55.90	-45.808	267.858	-270.867	-0.82706	-0.22604	0.19873	-0.47464	23.6	10080.1.7	100
2024-1-4 19:15:54:22	WT901BLE67(D1376ACA69A3)	0.544	0.178	0.822	-0.183	-0.122	-0.366	12.69	-32.85	55.89	-86.842	267.858	-270.867	-0.82706	-0.22604	0.19873	-0.47464	23.6	10080.1.7	100
2024-1-4 19:15:54:81	WT901BLE67(D1376ACA69A3)	0.548	0.180	0.821	0.122	-0.122	-0.244	12.71	-32.86	55.84	-86.842	267.858	-270.867	-0.82706	-0.22604	0.19873	-0.47464	23.6	10080.1.7	100
2024-1-4 19:15:54:201	WT901BLE67(D1376ACA69A3)	0.543	0.180	0.820	0.427	-0.427	0.000	12.74	-32.88	55.84	-86.842	267.858	-270.867	-0.82755	-0.22556	0.19867	-0.47403	23.6	10080.1.7	100
2024-1-4 19:15:54:291	WT901BLE67(D1376ACA69A3)	0.538	0.178	0.816	0.671	-0.977	0.305	12.79	-32.97	55.84	-86.842	267.858	-270.867	-0.82755	-0.22556	0.19867	-0.47403	23.6	10080.1.7	100
2024-1-4 19:15:54:412	WT901BLE67(D1376ACA69A3)	0.539	0.180	0.813	0.610	-1.038	0.244	12.84	-33.07	55.85	13.275	267.858	-270.875	-0.82755	-0.22556	0.19867	-0.47403	23.6	10080.1.7	100
2024-1-4 19:15:54:493	WT901BLE67(D1376ACA69A3)	0.552	0.175	0.816	0.122	-0.488	0.000	12.86	-33.12	55.87	13.275	267.858	-270.875	-0.82755	-0.22556	0.19867	-0.47403	23.6	10080.1.7	100
2024-1-4 19:15:54:590	WT901BLE67(D1376ACA69A3)	0.554	0.179	0.818	0.000	-0.305	-0.305	12.85	-33.11	55.87	13.275	267.858	-270.875	-0.82651	-0.22748	0.19995	-0.47440	23.6	10080.1.7	100
2024-1-4 19:15:54:681	WT901BLE67(D1376ACA69A3)	0.544	0.181	0.817	0.000	-0.854	-0.488	12.88	-33.15	55.81	13.275	267.858	-270.875	-0.82651	-0.22748	0.19995	-0.47440	23.6	10080.1.7	100
2024-1-4 19:15:54:801	WT901BLE67(D1376ACA69A3)	0.542	0.180	0.812	0.122	-0.854	-0.305	12.92	-33.22	55.73	32.017	267.858	-270.875	-0.82651	-0.22748	0.19995	-0.47440	23.6	10080.1.7	100
2024-1-4 19:15:54:891	WT901BLE67(D1376ACA69A3)	0.550	0.182	0.815	-0.610	0.122	-0.488	12.92	-33.23	55.67	32.017	267.858	-270.875	-0.82651	-0.22748	0.19995	-0.47440	23.6	10080.1.7	100
2024-1-4 19:15:55:11	WT901BLE67(D1376ACA69A3)	0.555	0.184	0.813	-0.061	-0.183	0.183	12.86	-33.21	55.67	32.017	267.858	-270.875	-0.82700	-0.22781	0.20093	-0.47296	23.6	10080.1.7	100
2024-1-4 19:15:55:244	WT901BLE67(D1376ACA69A3)	0.548	0.174	0.815	-0.122	-0.366	0.305	12.83	-33.23	55.71	-80.317	267.858	-270.867	-0.82700	-0.22781	0.20093	-0.47296	23.6	10080.1.7	100
2024-1-4 19:15:55:245	WT901BLE67(D1376ACA69A3)	0.549	0.179	0.810	-0.061	-0.244	1.099	12.77	-33.28	55.78	-80.317	267.858	-270.867	-0.82700	-0.22781	0.20093	-0.47296	23.6	10080.1.7	100
2024-1-4 19:15:55:292	WT901BLE67(D1376ACA69A3)	0.548	0.180	0.813	0.366	0.000	1.282	12.71	-33.31	55.91	-80.317	267.858	-270.867	-0.82700	-0.22781	0.20093	-0.47296	23.6	10080.1.7	100
2024-1-4 19:20:53:816	WT901BLE67(D1376ACA69A3)	0.490	0.177	0.814	0.549	0.488	0.671	12.69	-33.30	56.03	-80.317	267.858	-270.867	-0.82565	-0.22726	0.20160	-0.47531	23.6	10080.1.7	100
2024-1-4 19:20:53:935	WT901BLE67(D1376ACA69A3)	0.490	-0.063	0.875	2.319	0.427	1.160	1.74	-25.88	178.68	-80.317	267.858	-270.867	-0.82565	-0.22726	0.20160	-0.47531	23.6	10080.1.7	100
2024-1-4 19:20:53:996	WT901BLE67(D1376ACA69A3)	0.492	-0.051	0.867	2.686	0.305	1.221	1.77	-25.94	178.88	248.542	267.858	-271.075	-0.82565	-0.22726	0.20160	-0.47531	23.6	10080.1.7	100
2024-1-4 19:20:54:118	WT901BLE67(D1376ACA69A3)	0.506	-0.060	0.864	2.930	0.366	1.221	1.83	-25.99	179.09	248.542	267.858	-271.075	-0.82565	-0.22726	0.20160	-0.47531	23.6	10080.1.7	100
2024-1-4 19:20:54:206	WT901BLE67(D1376ACA69A3)	0.502	-0.070	0.876	2.686	0.305	1.343	1.88	-26.05	179.31	248.542	267.858	-271.075	-0.00446	-0.22491	-0.01361	-0.97421	23.6	10080.1.7	100
2024-1-4 19:20:54:326	WT901BLE67(D1376ACA69A3)	0.496	-0.081	0.871	2.563	0.610	1.770	1.87	-26.11	179.56	248.542	267.858	-271.075	-0.00446	-0.22491	-0.01361	-0.97421	23.6	10080.1.7	100
2024-1-4 19:20:54:416	WT901BLE67(D1376ACA69A3)	0.492	-0.073	0.858	2.502	0.671	1.953	1.81	-26.19	179.85	248.542	267.858	-271.075	-0.00446	-0.22491	-0.01361	-0.97421	23.6	10080.1.7	100
2024-1-4 19:20:54:536	WT901BLE67(D1376ACA69A3)	0.488	-0.067	0.870	2.380	0.122	1.770	1.76	-26.27	-179.85	248.542	267.858	-271.075	-0.00446	-0.22491	-0.01361	-0.97421	23.6	10080.1.7	100
2024-1-4 19:20:54:626	WT901BLE67(D1376ACA69A3)	0.497	-0.073	0.883	2.441	0.549	1.953	1.72	-26.36	-179.56	248.542	267.858	-271.075	-0.00446	-0.22491	-0.01361	-0.97421	22.0	10080.1.7	100
2024-1-4 19:20:54:747	WT901BLE67(D1376ACA69A3)	0.493	-0.081	0.878	2.502	0.549	2.258	1.68	-26.42	-179.24	248.542	267.858	-271.075	-0.00446	-0.22491	-0.01361	-0.97421	22.0	10080.1.7	100
2024-1-4 19:20:54:808	WT901BLE67(D1376ACA69A3)	0.499	-0.092	0.857	2.319	0.671	2.563	1.59	-26.48	-178.88	248.542	267.858	-271.075	-0.00446	-0.22491	-0.01361	-0.97421	22.0	10080.1.7	100
2024-1-4 19:20:54:927	WT901BLE67(D1376ACA69A3)	0.504	-0.080	0.845	2.014	0.305	2.869	1.45	-26.56	-178.50	248.542	267.858	-271.075	-0.00446	-0.22491	-0.01361	-0.97421	22.0	10080.1.7	100
2024-1-4 19:20:55:17	WT901BLE67(D1376ACA69A3)	0.506	-0.083	0.859	1.587	-0.061	2.747	1.26	-26.65	-178.09	250.117	267.858	-271.058	-0.00446	-0.22491	-0.01361	-0.97421	22.0	10080.1.7	100
2024-1-4 19:20:55:137	WT901BLE67(D1376ACA69A3)	0.506	-0.082	0.872	1.892	0.000	2.625	1.08	-26.75	-177.68	250.117	267.858	-271.058	-0.00446	-0.22491	-0.01361	-0.97421	22.0	10080.1.7	100
2024-1-4 19:20:55:228	WT901BLE67(D1376ACA69A3)	0.505	-0.096	0.875	2.136	-0.183	2.563	0.94	-26.83	-177.29	250.117	267.858	-271.058	0.02057	-0.23077	-0.01410	-0.97263	22.0	10080.1.7	100
2024-1-4 19:20:55:347	WT901BLE67(D1376ACA69A3)	0.524	-0.107	0.880	1.770	0.183	2.991	0.78	-26.93	-176.87	250.117	267.858	-271.058	0.02057	-0.23077	-0.01410	-0.97263	22.0	10080.1.7	100
2024-1-4 19:20:55:406	WT901BLE67(D1376ACA69A3)	0.531	-0.101	0.902	1.282	0.244	3.357	0.57	-27.02	-176.42	237.442	267.858	-271.158	0.02057	-0.23077	-0.01410	-0.97263	22.0	10080.1.7	100
2024-1-4 19:20:55:528	WT901BLE67(D1376ACA69A3)	0.514	-0.101	0.909	1.099	0.366	3.174	0.33	-27.11	-175.98	237.442	267.858	-271.158	0.02057	-0.23077	-0.01410	-0.97263	22.0	10080.1.7	100
2024-1-4 19:20:55:619	WT901BLE67(D1376ACA69A3)	0.509	-0.091	0.874	2.014	1.099	3.052	0.14	-27.19	-175.56	237.442	267.858	-271.158	0.03412	-0.23404	-0.01126	-0.97153	22.0	10080.1.7	100
2024-1-4 19:20:55:737	WT901BLE67(D1376ACA69A3)	0.493	-0.085	0.871	2.319	0.916	2.869	0.01	-27.24	-175.16	237.442	267.858	-271.158	0.03412	-0.23404	-0.01126	-0.97153	22.0	10080.1.7	100
2024-1-4 19:20:55:828	WT901BLE67(D1376ACA69A3)	0.500	-0.083	0.854	2.014	1.099	2.869	-0.10	-27.28	-174.76	246.350	267.858	-271.092	0.03412	-0.23404	-0.01126	-0.97153	22.0	10080.1.7	100
2024-1-4 19:20:55:948	WT901BLE67(D1376ACA69A3)	0.523	-0.103	0.868	1.160	0.183	2.930	-0.28	-27.33	-174.35	246.350	267.858	-271.092	0.03412	-0.23404	-0.01126	-0.97153	22.0	10080.1.7	100
2024-1-4 19:20:56:38	WT901BLE67(D1376ACA69A3)	0.535	-0.099	0.910	0.854	0.610	3.296	-0.52	-27.39	-173.91	246.350	267.858	-271.092	0.04617	-0.23596	-0.00949	-0.97058	22.0	10080.1.7	100
2024-1-4 19:20:56:190	WT901BLE67(D1376ACA69A3)	0.540	-0.096	0.919	1.587	0.488	3.235	-0.71	-27.46	-173.48	246.717	267.858	-271.083	0.04617	-0.23596	-0.00949	-0.97058	22.0	10080.1.7	100
2024-1-4 19:20:56:218	WT901BLE67(D1376ACA69A3)	0.515	-0.091	0.913	1.709	0.366	2.991	-0.85	-27.52	-173.08	246.717	267.858	-271.083	0.04617	-0.23596	-0.00949	-0.97058	22.0	10080.1.7	100
2024-1-4 19:20:56:338	WT901BLE67(D1376ACA69A3)	0.490	-0.102	0.898	1.770	1.160	3.174	-0.99	-27.56	-172.68	246.717	267.858	-271.083	0.04617	-0.23596	-0.00949	-0.97058	22.0	10080.1.7	100
2024-1-4 19:20:56:426	WT901BLE67(D1376ACA69A3)	0.508	-0.093	0.857	1.526	1.099	3.357	-1.15	-27.59	-172.25	246.717	267.858	-271.083	0.06042	-0.23825	-0.00677	-0.96924	22.0	10080.1.7	100
2024-1-4 19:20:56:673	WT901BLE67(D1376ACA69A3)	0.517	-0.096	0.854	1.221	0.061	3.113	-1.34	-27.64	-171.82	248.692	267.858	-271.067	0.06042	-0.23825	-0.00677	-0.96924	22.0	10080.1.7	100
2024-1-4 19:20:56:674	WT901BLE67(D1376ACA69A3)	0.513	-0.097	0.901	1.038	0.061	2.869	-1.54	-27.67	-171.40	248.692	267.858	-271.067	0.06042	-0.23825	-0.00677	-0.96924	22.0	10080.1.7	100
2024-1-4 19:23:33:267	WT901BLE67(D1376ACA69A3)	0.383	-0.107	0.900	1.709	0.732	2.991	-1.70	-27.70	-170.99	248.692	267.858	-271.067	0.06042	-0.23825	-0.00677	-0.96924	22.0	10080.1.7	100
2024-1-4 19:23:33:327	WT901BLE67(D1376ACA69A3)	0.384	-0.034	0.924	0.000	0.000	0.000	-1.60	-24.69	-153.07	248.692	267.858	-271.067	0.06042	-0.23825	-0.00677	-0.96924	22.0	10080.1.7	100
2024-1-4 19:23:33:449	WT901BLE67(D1376ACA69A3)	0.386	-0.035	0.922	0.000	0.000	0.000	-1.62	-24.63	-153.06	248.692	267.858	-271.067	0.22455	-0.21097	-0.03641	-0.95059	22.0	10080.1.7	100
2024-1-4 19:23:33:537	WT901BLE67(D1376ACA69A3)	0.385	-0.035	0.921	0.000	0.000	0.000	-1.64	-24.57	-153.05	248.692	267.858	-271.067	0.22455	-0.21097	-0.03641	-0.95059	22.0	10080.1.7	100
2024-1-4 19:23:33:658	WT901BLE67(D1376ACA69A3)	0.385	-0.034	0.923	0.000	0.000	0.000	-1.65	-24.52	-153.05	248.692	267.858	-271.067	0.22455	-0.21097	-0.03641	-0.95059	22.0	10080.1.7	100
2024-1-4 19:23:33:752	WT901BLE67(D1376ACA69A3)	0.386	-0.035	0.921	0.000	0.000	0.000	-1.67	-24.46	-153.04	248.692	267.858	-271.067	0.22455	-0.21097	-0.03641	-0.95059	22.0	10080.1.7	100
2024-1-4 19:23:33:868	WT901BLE67(D1376ACA69A3)	0.386	-0.035	0.922	0.000	0.000	0.000	-1.69	-24.41	-153.03	248.692	267.858	-271.067	0.22455	-0.21097	-0.03641	-0.95059	22.3	10080.1.7	100
2024-1-4 19:23:33:928	WT901BLE67(D1376ACA69A3)	0.386	-0.035	0.926	0.000	0.000	0.000	-1.70	-24.36	-153.02	248.692	267.858	-271.067	0.22455	-0.21097	-0.03641	-0.95059	22.3	10080.1.7	100
2024-1-4 19:23:34:77	WT901BLE67(D1376ACA69A3)	0.386	-0.035	0.922	0.000	0.000	0.000	-1.71	-24.31	-153.02	248.692	267.858	-271.067	0.22455	-0.21097	-0.03641	-0.95059	22.3	10080.1.7	100
2024-1-4 19:23:34:138	WT901BLE67(D1376ACA69A3)	0.384	-0.033	0.921	0.000	0.000	0.000	-1.72	-24.26	-153.01	248.692	267.858	-271.067	0.22455	-0.21097	-0.03641	-0.95059	22.3	10080.1.7	100
2024-1-4 19:23:34:263	WT901BLE67(D1376ACA69A3)	0.385	-0.035	0.920	0.000	0.000	0.000	-1.74	-24.21	-153.01	229.500	267.858	-271.217	0.22455	-0.21097	-0.03641	-0.95059	22.3	10080.1.7	100
2024-1-4 19:23:34:350	WT901BLE67(D1376ACA69A3)	0.385	-0.034	0.928	0.000	0.000	0.000	-1.75	-24.16	-153.01	229.500	267.858	-271.217	0.22455	-0.21097	-0.03641	-0.95059	22.3	10080.1.7	100
2024-1-4 19:23:34:468	WT901BLE67(D1376ACA69A3)	0.384	-0.035	0.927	0.000	0.000	0.000	-1.76	-24.11	-153.00	229.500	267.858	-271.217	0.22507	-0.20685	-0.03421	-0.95145	22.3	10080.1.7	100
2024-1-4 19:23:34:558	WT901BLE67(D1376ACA69A3)	0.385	-0.034	0.921	0.000	0.000	0.000	-1.77	-24.07	-153.00	229.500	267.858	-271.217	0.22507	-0.20685	-0.03421	-0.95145	22.3	10080.1.7	100
2024-1-4 19:23:34:677	WT901BLE67(D1376ACA69A3)	0.384	-0.035	0.923	0.000	0.000	0.000	-1.79	-24.03	-152.99	229.542	267.858	-271.217	0.22507	-0.20685	-0.03421	-0.95145	22.3	10080.1.7	100
2024-1-4 19:23:34:768	WT901BLE67(D1376ACA69A3)	0.382	-0.035	0.917	0.000	0.000	0.000	-1.80	-23.99	-152.98	229.542	267.858	-271.217	0.22507	-0.20685	-0.03421	-0.95145	22.3	10080.1.7	100
2024-1-4 19:23:34:858	WT901BLE67(D1376ACA69A3)	0.384	-0.036	0.924	0.000	0.000	0.000	-1.81	-23.95	-152.98	229.542	267.858	-271.217	0.22522	-0.20557	-0.03354	-0.95172	22.3	10080.1.7	100
2024-1-4 19:23:34:978	WT901BLE67(D1376ACA69A3)	0.386	-0.034	0.926	0.000	0.000	0.000	-1.82	-23.91	-152.98	229.542	267.858	-271.217	0.22522	-0.20557	-0.03354	-0.95172	22.3	10080.1.7	100
2024-1-4 19:23:35:68	WT901BLE67(D1376ACA69A3)	0.386	-0.038	0.924	0.000	0.244	0.000	-1.83	-23.87	-152.97	229.425	267.858	-271.217	0.22522	-0.20557	-0.03354	-0.95172	22.3	10080.1.7	100
2024-1-4 19:23:35:404	WT901BLE67(D1376ACA69A3)	0.388	-0.037	0.927	0.061	0.000	0.000	-1.84	-23.83	-152.97	229.425	267.858	-271.217	0.22522	-0.20557	-0.03354	-0.95172	22.3	10080.1.7	100
2024-1-4 19:23:35:405	WT901BLE67(D1376ACA69A3)	0.387	-0.038	0.925	0.000	0.000	0.000	-1.85	-23.80	-152.96	229.425	267.858	-271.217	0.22522	-0.20557	-0.03354	-0.95172	22.3	10080.1.7	100
2024-1-4 19:23:35:406	WT901BLE67(D1376ACA69A3)	0.388	-0.036	0.930	0.000	0.061	0.000	-1.86	-23.76	-152.96	229.425	267.858	-271.217	0.22522	-0.20557	-0.03354	-0.95172	22.3	10080.1.7	100
2024-1-4 19:23:35:488	WT901BLE67(D1376ACA69A3)	0.386	-0.035	0.927	0.122	0.061	0.000	-1.86	-23.73	-152.95	229.425	267.858	-271.217	0.22540	-0.20435	-0.03293	-0.95197	22.3	10080.1.7	100
2024-1-4 19:44:19:101	WT901BLE67(D1376ACA69A3)	0.383	-0.035	0.921	0.122	0.122	0.000	-1.86	-23.69	-152.95	229.533	267.858	-271.217	0.22540	-0.20435	-0.03293	-0.95197	22.3	10080.1.7	100
2024-1-4 19:44:19:103	WT901BLE67(D1376ACA69A3)	0.385	-0.032	0.924	0.122	0.061	0.000	-1.86	-23.66	-152.95	229.533	267.858	-271.217	0.22540	-0.20435	-0.03293	-0.95197	22.3	10080.1.7	100
2024-1-4 19:44:19:103	WT901BLE67(D1376ACA69A3)	0.387	-0.033	0.922	0.122	0.183	0.000	-1.85	-23.62	-152.94	229.533	267.858	-271.217	0.22540	-0.20435	-0.03293	-0.95197	22.3	10080.1.7	100
2024-1-4 19:44:19:103	WT901BLE67(D1376ACA69A3)	0.381	-0.031	0.923	0.061	0.183	0.000	-1.85	-23.58	-152.94	229.533	267.858	-271.217	0.22540	-0.20435	-0.03293	-0.95197	22.3	10080.1.7	100
2024-1-4 19:44:19:157	WT901BLE67(D1376ACA69A3)	-0.149	-0.030	0.921	0.000	0.183	0.000	-1.85	-23.54	-152.94	229.533	267.858	-271.217	0.22540	-0.20435	-0.03293	-0.95197	22.3	10080.1.7	100
2024-1-4 19:44:19:270	WT901BLE67(D1376ACA69A3)	-0.149	-0.013	0.987	0.000	0.000	0.000	-0.76	8.50	175.97	229.533	267.858	-271.217	0.22540	-0.20435	-0.03293	-0.95197	22.3	10080.1.7	100
2024-1-4 19:44:19:360	WT901BLE67(D1376ACA69A3)	-0.150	-0.013	0.986	0.000	0.000	0.000	-0.76	8.50	175.97	-204.600	267.858	-272.950	0.22540	-0.20435	-0.03293	-0.95197	22.3	10080.1.7	100
2024-1-4 19:44:19:511	WT901BLE67(D1376ACA69A3)	-0.148	-0.014	0.988	0.000	0.000	0.000	-0.76	8.51	175.97	-204.600	267.858	-272.950	-0.03448	0.07437	0.00406	-0.99658	22.3	10080.1.7	100
2024-1-4 19:44:19:571	WT901BLE67(D1376ACA69A3)	-0.148	-0.014	0.986	0.000	0.000	0.000	-0.76	8.51	175.97	-204.600	267.858	-272.950	-0.03448	0.07437	0.00406	-0.99658	22.3	10080.1.7	100
2024-1-4 19:44:19:691	WT901BLE67(D1376ACA69A3)	-0.149	-0.014	0.987	0.000	0.000	0.000	-0.76	8.51	175.97	-204.600	267.858	-272.950	-0.03448	0.07437	0.00406	-0.99658	22.3	10080.1.7	100
2024-1-4 19:44:19:781	WT901BLE67(D1376ACA69A3)	-0.150	-0.014	0.986	0.000	0.000	0.000	-0.76	8.51	175.97	-204.600	267.858	-272.950	-0.03448	0.07437	0.00406	-0.99658	22.3	10080.1.7	100
2024-1-4 19:44:19:902	WT901BLE67(D1376ACA69A3)	-0.150	-0.014	0.986	0.000	0.000	0.000	-0.76	8.52	175.97	-204.600	267.858	-272.950	-0.03448	0.07437	0.00406	-0.99658	22.3	10080.1.7	100
2024-1-4 19:44:19:960	WT901BLE67(D1376ACA69A3)	-0.149	-0.014	0.985	0.000	0.000	0.000	-0.77	8.52	175.97	-204.600	267.858	-272.950	-0.03448	0.07437	0.00406	-0.99658	21.3	10080.1.7	100
2024-1-4 19:44:20:83	WT901BLE67(D1376ACA69A3)	-0.150	-0.015	0.985	0.000	0.000	0.000	-0.77	8.53	175.97	-204.600	267.858	-272.950	-0.03448	0.07437	0.00406	-0.99658	21.3	10080.1.7	100
2024-1-4 19:44:20:173	WT901BLE67(D1376ACA69A3)	-0.149	-0.014	0.985	0.000	0.000	0.000	-0.77	8.53	175.97	-204.600	267.858	-272.950	-0.03448	0.07437	0.00406	-0.99658	21.3	10080.1.7	100
2024-1-4 19:44:20:294	WT901BLE67(D1376ACA69A3)	-0.150	-0.014	0.986	0.000	0.000	0.000	-0.77	8.53	175.97	-204.600	267.858	-272.950	-0.03448	0.07437	0.00406	-0.99658	21.3	10080.1.7	100
2024-1-4 19:44:20:382	WT901BLE67(D1376ACA69A3)	-0.149	-0.014	0.986	0.000	0.000	0.000	-0.77	8.53	175.97	-205.000	267.858	-272.950	-0.03448	0.07437	0.00406	-0.99658	21.3	10080.1.7	100
2024-1-4 19:44:20:503	WT901BLE67(D1376ACA69A3)	-0.150	-0.014	0.986	0.000	0.000	0.000	-0.77	8.54	175.97	-205.000	267.858	-272.950	-0.03448	0.07437	0.00406	-0.99658	21.3	10080.1.7	100
2024-1-4 19:44:20:594	WT901BLE67(D1376ACA69A3)	-0.150	-0.014	0.986	0.000	0.000	0.000	-0.77	8.54	175.97	-205.000	267.858	-272.950	-0.03448	0.07458	0.00409	-0.99655	21.3	10080.1.7	100
2024-1-4 19:44:20:681	WT901BLE67(D1376ACA69A3)	-0.149	-0.014	0.985	0.000	0.000	0.000	-0.77	8.54	175.97	-205.000	267.858	-272.950	-0.03448	0.07458	0.00409	-0.99655	21.3	10080.1.7	100
2024-1-4 19:44:20:773	WT901BLE67(D1376ACA69A3)	-0.149	-0.014	0.986	0.000	0.000	0.000	-0.77	8.54	175.97	-205.058	267.858	-272.950	-0.03448	0.07458	0.00409	-0.99655	21.3	10080.1.7	100
2024-1-4 19:44:20:895	WT901BLE67(D1376ACA69A3)	-0.150	-0.014	0.987	0.000	0.000	0.000	-0.77	8.54	175.97	-205.058	267.858	-272.950	-0.03448	0.07458	0.00409	-0.99655	21.3	10080.1.7	100
2024-1-4 19:44:20:984	WT901BLE67(D1376ACA69A3)	-0.150	-0.014	0.986	0.000	0.000	0.000	-0.77	8.55	175.97	-205.058	267.858	-272.950	-0.03452	0.07468	0.00412	-0.99655	21.3	10080.1.7	100
2024-1-4 19:44:21:104	WT901BLE67(D1376ACA69A3)	-0.149	-0.014	0.985	0.000	0.000	0.000	-0.77	8.55	175.97	-205.058	267.858	-272.950	-0.03452	0.07468	0.00412	-0.99655	21.3	10080.1.7	100
2024-1-4 19:44:21:195	WT901BLE67(D1376ACA69A3)	-0.149	-0.013	0.987	0.000	0.000	0.000	-0.78	8.55	175.97	-205.175	267.858	-272.950	-0.03452	0.07468	0.00412	-0.99655	21.3	10080.1.7	100
2024-1-4 19:44:21:314	WT901BLE67(D1376ACA69A3)	-0.150	-0.014	0.987	0.000	0.000	0.000	-0.78	8.55	175.97	-205.175	267.858	-272.950	-0.03452	0.07468	0.00412	-0.99655	21.3	10080.1.7	100
2024-1-4 19:44:21:376	WT901BLE67(D1376ACA69A3)	-0.150	-0.013	0.985	0.000	0.000	0.000	-0.78	8.55	175.97	-205.175	267.858	-272.950	-0.03452	0.07477	0.00415	-0.99655	21.3	10080.1.7	100
2024-1-4 19:44:21:494	WT901BLE67(D1376ACA69A3)	-0.150	-0.014	0.986	0.000	0.000	0.000	-0.78	8.56	175.97	-205.175	267.858	-272.950	-0.03452	0.07477	0.00415	-0.99655	21.3	10080.1.7	100
2024-1-4 19:44:21:586	WT901BLE67(D1376ACA69A3)	-0.150	-0.014	0.986	0.000	0.000	0.000	-0.78	8.56	175.97	-205.325	267.858	-272.950	-0.03452	0.07477	0.00415	-0.99655	21.3	10080.1.7	100
2024-1-4 19:44:21:704	WT901BLE67(D1376ACA69A3)	-0.150	-0.014	0.986	0.000	0.000	0.000	-0.78	8.56	175.97	-205.325	267.858	-272.950	-0.03452	0.07477	0.00415	-0.99655	21.3	10080.1.7	100
2024-1-4 19:44:21:796	WT901BLE67(D1376ACA69A3)	-0.151	-0.013	0.986	0.000	0.000	0.000	-0.78	8.56	175.97	-205.325	267.858	-272.950	-0.03452	0.07483	0.00418	-0.99655	21.3	10080.1.7	100
2024-1-4 19:44:21:916	WT901BLE67(D1376ACA69A3)	-0.150	-0.013	0.985	0.000	0.000	0.000	-0.78	8.56	175.97	-205.325	267.858	-272.950	-0.03452	0.07483	0.00418	-0.99655	21.3	10080.1.7	100
2024-1-4 19:44:21:977	WT901BLE67(D1376ACA69A3)	-0.150	-0.015	0.986	0.000	0.000	0.000	-0.79	8.57	175.97	-205.383	267.858	-272.950	-0.03452	0.07483	0.00418	-0.99655	21.3	10080.1.7	100
2024-1-4 19:44:22:97	WT901BLE67(D1376ACA69A3)	-0.149	-0.015	0.985	0.000	0.000	0.000	-0.79	8.57	175.97	-205.383	267.858	-272.950	-0.03452	0.07483	0.00418	-0.99655	21.3	10080.1.7	100
2024-1-4 19:44:22:186	WT901BLE67(D1376ACA69A3)	-0.149	-0.014	0.985	0.000	0.000	0.000	-0.79	8.57	175.97	-205.383	267.858	-272.950	-0.03452	0.07492	0.00421	-0.99652	21.3	10080.1.7	100
2024-1-4 19:44:22:306	WT901BLE67(D1376ACA69A3)	-0.150	-0.014	0.986	0.000	0.000	0.000	-0.79	8.57	175.97	-205.383	267.858	-272.950	-0.03452	0.07492	0.00421	-0.99652	21.3	10080.1.7	100
2024-1-4 19:44:22:396	WT901BLE67(D1376ACA69A3)	-0.150	-0.013	0.986	0.000	0.000	0.000	-0.79	8.57	175.97	-205.325	267.858	-272.950	-0.03452	0.07492	0.00421	-0.99652	21.3	10080.1.7	100
