时间	设备名称	加速度X(g)	加速度Y(g)	加速度Z(g)	角速度X(°/s)	角速度Y(°/s)	角速度Z(°/s)	角度X(°)	角度Y(°)	角度Z(°)	磁场X(uT)	磁场Y(uT)	磁场Z(uT)	四元数0()	四元数1()	四元数2()	四元数3()	温度(°C)	版本号()	电量(%)
2024-1-3 18:46:24:575	WT901BLE67(D1376ACA69A3)	-0.013	-0.005	0.998	0.000	0.000	0.000	-0.27	0.70	-0.07	-115.008	36.975	-86.492	0.99994	-0.00244	0.00610	-0.00061	26.8	10080.1.7	75
2024-1-3 18:46:24:668	WT901BLE67(D1376ACA69A3)	-0.012	-0.005	0.997	0.000	0.000	0.000	-0.27	0.70	-0.07	-115.008	36.975	-86.492	0.99994	-0.00244	0.00610	-0.00061	26.8	10080.1.7	75
2024-1-3 18:46:24:788	WT901BLE67(D1376ACA69A3)	-0.012	-0.004	0.998	0.000	0.000	0.000	-0.27	0.70	-0.07	-115.125	36.675	-86.850	0.99994	-0.00244	0.00610	-0.00061	26.8	10080.1.7	75
2024-1-3 18:46:24:847	WT901BLE67(D1376ACA69A3)	-0.012	-0.005	0.998	0.000	0.000	0.000	-0.27	0.70	-0.07	-115.125	36.675	-86.850	0.99994	-0.00244	0.00610	-0.00061	26.8	10080.1.7	75
2024-1-3 18:46:24:965	WT901BLE67(D1376ACA69A3)	-0.013	-0.005	0.998	0.000	0.000	0.000	-0.27	0.70	-0.07	-115.125	36.675	-86.850	0.99994	-0.00241	0.00610	-0.00061	26.8	10080.1.7	75
2024-1-3 18:46:25:58	WT901BLE67(D1376ACA69A3)	-0.012	-0.005	0.998	0.000	0.000	0.000	-0.27	0.70	-0.07	-115.125	36.675	-86.850	0.99994	-0.00241	0.00610	-0.00061	26.8	10080.1.7	75
2024-1-3 18:46:25:179	WT901BLE67(D1376ACA69A3)	-0.013	-0.004	0.998	0.000	0.000	0.000	-0.27	0.70	-0.07	-115.142	36.375	-86.725	0.99994	-0.00241	0.00610	-0.00061	26.8	10080.1.7	75
2024-1-3 18:46:25:270	WT901BLE67(D1376ACA69A3)	-0.012	-0.004	0.998	0.000	0.000	0.000	-0.27	0.70	-0.07	-115.142	36.375	-86.725	0.99994	-0.00241	0.00610	-0.00061	26.8	10080.1.7	75
2024-1-3 18:46:25:388	WT901BLE67(D1376ACA69A3)	-0.011	-0.005	0.997	0.000	0.000	0.000	-0.27	0.70	-0.07	-115.142	36.375	-86.725	0.99994	-0.00241	0.00610	-0.00061	26.8	10080.1.7	75
2024-1-3 18:46:25:481	WT901BLE67(D1376ACA69A3)	-0.012	-0.004	0.997	0.000	0.000	0.000	-0.27	0.70	-0.07	-115.142	36.375	-86.725	0.99994	-0.00241	0.00610	-0.00061	26.8	10080.1.7	75
2024-1-3 18:46:25:598	WT901BLE67(D1376ACA69A3)	-0.012	-0.005	0.998	0.000	0.000	0.000	-0.27	0.70	-0.07	-115.167	36.692	-86.858	0.99994	-0.00241	0.00610	-0.00061	26.8	10080.1.7	75
2024-1-3 18:46:25:659	WT901BLE67(D1376ACA69A3)	-0.012	-0.005	0.999	0.000	0.000	0.000	-0.27	0.70	-0.07	-115.167	36.692	-86.858	0.99994	-0.00241	0.00610	-0.00061	26.8	10080.1.7	75
2024-1-3 18:46:25:780	WT901BLE67(D1376ACA69A3)	-0.011	-0.005	0.998	0.000	0.000	0.000	-0.27	0.70	-0.07	-115.167	36.692	-86.858	0.99994	-0.00241	0.00610	-0.00061	26.8	10080.1.7	75
2024-1-3 18:46:25:869	WT901BLE67(D1376ACA69A3)	-0.013	-0.004	0.998	0.000	0.000	0.000	-0.27	0.70	-0.07	-115.167	36.692	-86.858	0.99994	-0.00241	0.00610	-0.00061	26.8	10080.1.7	75
2024-1-3 18:46:25:990	WT901BLE67(D1376ACA69A3)	-0.013	-0.004	0.997	0.000	0.000	0.000	-0.27	0.70	-0.07	-115.067	36.883	-86.483	0.99994	-0.00241	0.00610	-0.00061	26.8	10080.1.7	75
2024-1-3 18:46:26:82	WT901BLE67(D1376ACA69A3)	-0.013	-0.005	0.998	0.000	0.000	0.000	-0.27	0.70	-0.07	-115.067	36.883	-86.483	0.99994	-0.00241	0.00610	-0.00061	26.8	10080.1.7	75
2024-1-3 18:46:26:198	WT901BLE67(D1376ACA69A3)	-0.012	-0.005	0.997	0.000	0.000	0.000	-0.27	0.70	-0.07	-115.067	36.883	-86.483	0.99994	-0.00241	0.00610	-0.00061	26.8	10080.1.7	75
2024-1-3 18:46:26:259	WT901BLE67(D1376ACA69A3)	-0.012	-0.005	0.998	0.000	0.000	0.000	-0.28	0.70	-0.07	-115.067	36.883	-86.483	0.99994	-0.00241	0.00610	-0.00061	26.8	10080.1.7	75
2024-1-3 18:46:26:381	WT901BLE67(D1376ACA69A3)	-0.012	-0.005	0.997	0.000	0.000	0.000	-0.28	0.70	-0.07	-115.125	36.692	-86.733	0.99994	-0.00241	0.00610	-0.00061	26.8	10080.1.7	75
2024-1-3 18:46:26:469	WT901BLE67(D1376ACA69A3)	-0.012	-0.004	0.998	0.000	0.000	0.000	-0.28	0.70	-0.07	-115.125	36.692	-86.733	0.99994	-0.00241	0.00610	-0.00061	26.8	10080.1.7	75
2024-1-3 18:46:26:588	WT901BLE67(D1376ACA69A3)	-0.012	-0.004	0.997	0.000	0.000	0.000	-0.28	0.70	-0.07	-115.125	36.692	-86.733	0.99994	-0.00244	0.00610	-0.00061	26.8	10080.1.7	75
2024-1-3 18:46:26:681	WT901BLE67(D1376ACA69A3)	-0.011	-0.005	0.998	0.000	0.000	0.000	-0.28	0.70	-0.07	-115.125	36.692	-86.733	0.99994	-0.00244	0.00610	-0.00061	26.8	10080.1.7	75
2024-1-3 18:46:26:798	WT901BLE67(D1376ACA69A3)	-0.012	-0.005	0.998	0.000	0.000	0.000	-0.28	0.70	-0.07	-115.117	36.933	-86.758	0.99994	-0.00244	0.00610	-0.00061	26.8	10080.1.7	75
2024-1-3 18:46:26:889	WT901BLE67(D1376ACA69A3)	-0.013	-0.006	0.998	0.000	0.000	0.000	-0.28	0.70	-0.07	-115.117	36.933	-86.758	0.99994	-0.00244	0.00610	-0.00061	26.8	10080.1.7	75
2024-1-3 18:46:27:10	WT901BLE67(D1376ACA69A3)	-0.013	-0.005	0.999	0.000	0.000	0.000	-0.28	0.70	-0.07	-115.117	36.933	-86.758	0.99994	-0.00244	0.00610	-0.00061	26.8	10080.1.7	75
2024-1-3 18:46:27:69	WT901BLE67(D1376ACA69A3)	-0.012	-0.005	0.997	0.000	0.000	0.000	-0.28	0.70	-0.07	-115.117	36.933	-86.758	0.99994	-0.00244	0.00610	-0.00061	26.8	10080.1.7	75
2024-1-3 18:46:27:189	WT901BLE67(D1376ACA69A3)	-0.012	-0.005	0.998	0.000	0.000	0.000	-0.28	0.70	-0.07	-115.092	36.833	-86.567	0.99994	-0.00244	0.00610	-0.00061	26.8	10080.1.7	75
2024-1-3 18:46:27:283	WT901BLE67(D1376ACA69A3)	-0.013	-0.005	0.998	0.000	0.000	0.000	-0.28	0.70	-0.07	-115.092	36.833	-86.567	0.99994	-0.00244	0.00610	-0.00061	26.8	10080.1.7	75
2024-1-3 18:46:27:398	WT901BLE67(D1376ACA69A3)	-0.012	-0.004	0.998	0.000	0.000	0.000	-0.28	0.70	-0.07	-115.092	36.833	-86.567	0.99994	-0.00244	0.00607	-0.00061	26.8	10080.1.7	75
2024-1-3 18:46:27:489	WT901BLE67(D1376ACA69A3)	-0.012	-0.004	0.997	0.000	0.000	0.000	-0.28	0.70	-0.07	-115.092	36.833	-86.567	0.99994	-0.00244	0.00607	-0.00061	26.8	10080.1.7	75
2024-1-3 18:46:27:610	WT901BLE67(D1376ACA69A3)	-0.012	-0.005	0.998	0.000	0.000	0.000	-0.28	0.70	-0.07	-115.075	37.008	-86.717	0.99994	-0.00244	0.00607	-0.00061	26.8	10080.1.7	75
2024-1-3 18:46:27:670	WT901BLE67(D1376ACA69A3)	-0.012	-0.005	0.997	0.000	0.000	0.000	-0.28	0.70	-0.07	-115.075	37.008	-86.717	0.99994	-0.00244	0.00607	-0.00061	26.8	10080.1.7	75
2024-1-3 18:46:27:789	WT901BLE67(D1376ACA69A3)	-0.012	-0.004	0.998	0.000	0.000	0.000	-0.28	0.70	-0.07	-115.075	37.008	-86.717	0.99994	-0.00244	0.00607	-0.00061	26.8	10080.1.7	75
2024-1-3 18:46:27:881	WT901BLE67(D1376ACA69A3)	-0.013	-0.004	0.998	0.000	0.000	0.000	-0.28	0.70	-0.07	-115.075	37.008	-86.717	0.99994	-0.00244	0.00607	-0.00061	26.8	10080.1.7	75
2024-1-3 18:46:27:995	WT901BLE67(D1376ACA69A3)	-0.013	-0.005	0.997	0.000	0.000	0.000	-0.28	0.70	-0.07	-115.125	36.975	-86.492	0.99994	-0.00244	0.00607	-0.00061	26.8	10080.1.7	75
2024-1-3 18:46:28:89	WT901BLE67(D1376ACA69A3)	-0.011	-0.005	0.997	0.000	0.000	0.000	-0.28	0.70	-0.07	-115.125	36.975	-86.492	0.99994	-0.00244	0.00607	-0.00061	26.8	10080.1.7	75
2024-1-3 18:46:28:210	WT901BLE67(D1376ACA69A3)	-0.012	-0.005	0.997	0.000	0.000	0.000	-0.28	0.70	-0.07	-115.125	36.975	-86.492	0.99994	-0.00244	0.00607	-0.00061	26.8	10080.1.7	75
2024-1-3 18:46:28:298	WT901BLE67(D1376ACA69A3)	-0.012	-0.004	0.998	0.000	0.000	0.000	-0.28	0.69	-0.07	-115.125	36.975	-86.492	0.99994	-0.00244	0.00607	-0.00061	26.8	10080.1.7	75
2024-1-3 18:46:28:420	WT901BLE67(D1376ACA69A3)	-0.012	-0.004	0.997	0.000	0.000	0.000	-0.28	0.69	-0.07	-115.033	36.925	-86.533	0.99994	-0.00244	0.00607	-0.00061	26.8	10080.1.7	75
2024-1-3 18:46:28:483	WT901BLE67(D1376ACA69A3)	-0.012	-0.005	0.998	0.000	0.000	0.000	-0.28	0.69	-0.07	-115.033	36.925	-86.533	0.99994	-0.00244	0.00607	-0.00061	26.8	10080.1.7	75
2024-1-3 18:46:28:595	WT901BLE67(D1376ACA69A3)	-0.012	-0.004	0.998	0.000	0.000	0.000	-0.28	0.69	-0.07	-115.033	36.925	-86.533	0.99994	-0.00244	0.00607	-0.00061	26.8	10080.1.7	75
2024-1-3 18:46:28:688	WT901BLE67(D1376ACA69A3)	-0.011	-0.004	0.998	0.000	0.000	0.000	-0.28	0.69	-0.07	-115.033	36.925	-86.533	0.99994	-0.00244	0.00607	-0.00061	26.8	10080.1.7	75
2024-1-3 18:46:28:813	WT901BLE67(D1376ACA69A3)	-0.011	-0.004	0.998	0.000	0.000	0.000	-0.28	0.69	-0.07	-115.075	36.950	-86.425	0.99994	-0.00244	0.00607	-0.00061	26.8	10080.1.7	75
2024-1-3 18:46:28:898	WT901BLE67(D1376ACA69A3)	-0.012	-0.004	0.998	0.000	0.000	0.000	-0.28	0.69	-0.07	-115.075	36.950	-86.425	0.99994	-0.00244	0.00607	-0.00061	26.8	10080.1.7	75
2024-1-3 18:46:29:19	WT901BLE67(D1376ACA69A3)	-0.011	-0.004	0.998	0.000	0.000	0.000	-0.27	0.69	-0.07	-115.075	36.950	-86.425	0.99994	-0.00241	0.00607	-0.00061	26.8	10080.1.7	75
2024-1-3 18:46:29:80	WT901BLE67(D1376ACA69A3)	-0.012	-0.005	0.997	0.000	0.000	0.000	-0.27	0.69	-0.07	-115.075	36.950	-86.425	0.99994	-0.00241	0.00607	-0.00061	26.8	10080.1.7	75
2024-1-3 18:46:29:198	WT901BLE67(D1376ACA69A3)	-0.012	-0.005	0.997	0.000	0.000	0.000	-0.27	0.69	-0.07	-115.083	36.525	-86.542	0.99994	-0.00241	0.00607	-0.00061	26.8	10080.1.7	75
2024-1-3 18:46:29:288	WT901BLE67(D1376ACA69A3)	-0.011	-0.004	0.997	0.000	0.000	0.000	-0.27	0.69	-0.07	-115.083	36.525	-86.542	0.99994	-0.00241	0.00607	-0.00061	26.8	10080.1.7	75
2024-1-3 18:46:29:410	WT901BLE67(D1376ACA69A3)	-0.012	-0.005	0.997	0.000	0.000	0.000	-0.27	0.69	-0.07	-115.083	36.525	-86.542	0.99994	-0.00241	0.00607	-0.00061	26.8	10080.1.7	75
2024-1-3 18:46:29:498	WT901BLE67(D1376ACA69A3)	-0.012	-0.005	0.997	0.000	0.000	0.000	-0.28	0.69	-0.07	-115.083	36.525	-86.542	0.99994	-0.00241	0.00607	-0.00061	26.8	10080.1.7	75
2024-1-3 18:46:29:621	WT901BLE67(D1376ACA69A3)	-0.011	-0.004	0.998	0.000	0.000	0.000	-0.28	0.69	-0.07	-115.100	36.617	-86.667	0.99994	-0.00241	0.00607	-0.00061	26.8	10080.1.7	75
2024-1-3 18:46:29:708	WT901BLE67(D1376ACA69A3)	-0.012	-0.004	0.998	0.000	0.000	0.000	-0.28	0.69	-0.07	-115.100	36.617	-86.667	0.99994	-0.00241	0.00607	-0.00061	26.8	10080.1.7	75
2024-1-3 18:46:29:830	WT901BLE67(D1376ACA69A3)	-0.012	-0.003	0.997	0.000	0.000	0.000	-0.27	0.69	-0.07	-115.100	36.617	-86.667	0.99994	-0.00244	0.00607	-0.00061	26.8	10080.1.7	75
2024-1-3 18:46:29:889	WT901BLE67(D1376ACA69A3)	-0.012	-0.004	0.998	0.000	0.000	0.000	-0.27	0.69	-0.07	-115.100	36.617	-86.667	0.99994	-0.00244	0.00607	-0.00061	26.8	10080.1.7	75
2024-1-3 18:46:30:7	WT901BLE67(D1376ACA69A3)	-0.012	-0.005	0.997	0.000	0.000	0.000	-0.27	0.69	-0.07	-115.025	36.825	-86.592	0.99994	-0.00244	0.00607	-0.00061	26.8	10080.1.7	75
2024-1-3 18:46:30:98	WT901BLE67(D1376ACA69A3)	-0.012	-0.004	0.998	0.000	0.000	0.000	-0.27	0.69	-0.07	-115.025	36.825	-86.592	0.99994	-0.00244	0.00607	-0.00061	26.8	10080.1.7	75
2024-1-3 18:46:30:220	WT901BLE67(D1376ACA69A3)	-0.013	-0.005	0.997	0.000	0.000	0.000	-0.27	0.69	-0.07	-115.025	36.825	-86.592	0.99994	-0.00241	0.00607	-0.00061	26.8	10080.1.7	75
2024-1-3 18:46:30:310	WT901BLE67(D1376ACA69A3)	-0.012	-0.005	0.998	0.000	0.000	0.000	-0.27	0.69	-0.07	-115.025	36.825	-86.592	0.99994	-0.00241	0.00607	-0.00061	26.8	10080.1.7	75
2024-1-3 18:46:30:427	WT901BLE67(D1376ACA69A3)	-0.012	-0.004	0.997	0.000	0.000	0.000	-0.27	0.69	-0.07	-115.058	37.017	-86.567	0.99994	-0.00241	0.00607	-0.00061	26.8	10080.1.7	75
2024-1-3 18:46:30:489	WT901BLE67(D1376ACA69A3)	-0.012	-0.005	0.998	0.000	0.000	0.000	-0.27	0.69	-0.07	-115.058	37.017	-86.567	0.99994	-0.00241	0.00607	-0.00061	26.8	10080.1.7	75
2024-1-3 18:46:30:608	WT901BLE67(D1376ACA69A3)	-0.013	-0.003	0.998	0.000	0.000	0.000	-0.27	0.69	-0.07	-115.058	37.017	-86.567	0.99994	-0.00241	0.00604	-0.00061	26.8	10080.1.7	75
2024-1-3 18:46:30:697	WT901BLE67(D1376ACA69A3)	-0.011	-0.005	0.998	0.000	0.000	0.000	-0.27	0.69	-0.07	-115.058	37.017	-86.567	0.99994	-0.00241	0.00604	-0.00061	26.8	10080.1.7	75
2024-1-3 18:46:30:818	WT901BLE67(D1376ACA69A3)	-0.012	-0.005	0.998	0.000	0.000	0.000	-0.27	0.69	-0.07	-115.142	36.942	-86.525	0.99994	-0.00241	0.00604	-0.00061	26.8	10080.1.7	75
2024-1-3 18:46:30:909	WT901BLE67(D1376ACA69A3)	-0.012	-0.004	0.998	0.000	0.000	0.000	-0.27	0.69	-0.07	-115.142	36.942	-86.525	0.99994	-0.00241	0.00604	-0.00061	26.8	10080.1.7	75
2024-1-3 18:46:31:26	WT901BLE67(D1376ACA69A3)	-0.013	-0.005	0.999	0.000	0.000	0.000	-0.27	0.69	-0.07	-115.142	36.942	-86.525	0.99994	-0.00241	0.00607	-0.00061	26.8	10080.1.7	75
2024-1-3 18:46:31:120	WT901BLE67(D1376ACA69A3)	-0.012	-0.005	0.998	0.000	0.000	0.000	-0.28	0.69	-0.07	-115.142	36.942	-86.525	0.99994	-0.00241	0.00607	-0.00061	26.8	10080.1.7	75
2024-1-3 18:46:31:240	WT901BLE67(D1376ACA69A3)	-0.012	-0.006	0.998	0.000	0.000	0.000	-0.28	0.69	-0.07	-115.075	37.042	-86.500	0.99994	-0.00241	0.00607	-0.00061	26.8	10080.1.7	75
2024-1-3 18:46:31:297	WT901BLE67(D1376ACA69A3)	-0.013	-0.004	0.999	0.000	0.000	0.000	-0.28	0.69	-0.07	-115.075	37.042	-86.500	0.99994	-0.00241	0.00607	-0.00061	26.8	10080.1.7	75
2024-1-3 18:46:31:417	WT901BLE67(D1376ACA69A3)	-0.011	-0.004	0.998	0.000	0.000	0.000	-0.28	0.70	-0.07	-115.075	37.042	-86.500	0.99994	-0.00244	0.00607	-0.00061	26.8	10080.1.7	75
2024-1-3 18:46:31:507	WT901BLE67(D1376ACA69A3)	-0.011	-0.004	0.997	0.000	0.000	0.000	-0.28	0.70	-0.07	-115.075	37.042	-86.500	0.99994	-0.00244	0.00607	-0.00061	26.8	10080.1.7	75
2024-1-3 18:46:31:628	WT901BLE67(D1376ACA69A3)	-0.369	-0.005	0.998	0.000	0.000	0.000	-0.27	0.70	-0.07	-115.108	36.850	-86.950	0.99994	-0.00244	0.00607	-0.00061	26.8	10080.1.7	75
2024-1-3 18:46:31:721	WT901BLE67(D1376ACA69A3)	0.072	-0.163	0.994	-0.488	-1.709	30.579	-0.29	0.68	0.54	-115.108	36.850	-86.950	0.99994	-0.00244	0.00607	-0.00061	26.8	10080.1.7	75
2024-1-3 18:46:31:838	WT901BLE67(D1376ACA69A3)	-0.025	0.090	1.074	55.969	7.935	-24.536	1.44	0.21	12.86	-115.108	36.850	-86.950	0.99240	-0.00192	0.00586	0.12262	26.8	10080.1.7	75
2024-1-3 18:46:31:895	WT901BLE67(D1376ACA69A3)	-0.096	0.064	1.149	-16.541	19.531	4.639	2.01	0.70	11.20	-115.108	36.850	-86.950	0.99240	-0.00192	0.00586	0.12262	26.8	10080.1.7	75
2024-1-3 18:46:32:18	WT901BLE67(D1376ACA69A3)	-0.183	0.127	0.864	10.193	27.039	-25.940	1.74	6.86	13.72	-95.042	56.350	-101.733	0.99240	-0.00192	0.00586	0.12262	26.8	10080.1.7	75
2024-1-3 18:46:32:107	WT901BLE67(D1376ACA69A3)	-0.240	0.096	0.991	34.851	55.969	-36.560	3.20	9.55	11.02	-95.042	56.350	-101.733	0.99240	-0.00192	0.00586	0.12262	26.8	10080.1.7	75
2024-1-3 18:46:32:228	WT901BLE67(D1376ACA69A3)	0.105	0.095	0.938	30.701	-81.360	-82.397	6.06	14.02	7.30	-95.042	56.350	-101.733	0.99072	0.02701	0.10315	0.08383	26.8	10080.1.7	75
2024-1-3 18:46:32:318	WT901BLE67(D1376ACA69A3)	-0.128	0.052	1.058	-13.428	-55.603	-8.118	5.34	-3.05	-4.33	-95.042	56.350	-101.733	0.99072	0.02701	0.10315	0.08383	26.8	10080.1.7	75
2024-1-3 18:46:32:436	WT901BLE67(D1376ACA69A3)	-0.257	0.075	1.032	20.081	191.223	-0.305	5.37	5.73	-2.07	-95.292	0.125	-120.975	0.99072	0.02701	0.10315	0.08383	26.8	10080.1.7	75
2024-1-3 18:46:32:527	WT901BLE67(D1376ACA69A3)	0.123	-0.037	0.914	-58.411	-133.179	-85.205	3.60	11.98	-7.47	-95.292	0.125	-120.975	0.99072	0.02701	0.10315	0.08383	26.8	10080.1.7	75
2024-1-3 18:46:32:645	WT901BLE67(D1376ACA69A3)	0.374	-0.275	1.005	-133.850	-126.709	-12.512	-8.93	-6.98	-11.09	-95.292	0.125	-120.975	0.99524	-0.00952	0.02603	-0.09293	26.8	10080.1.7	75
2024-1-3 18:46:32:706	WT901BLE67(D1376ACA69A3)	0.096	-0.476	0.889	-113.770	-39.429	-21.484	-23.51	-20.46	-9.44	-95.292	0.125	-120.975	0.99524	-0.00952	0.02603	-0.09293	26.8	10080.1.7	75
2024-1-3 18:46:32:827	WT901BLE67(D1376ACA69A3)	-0.138	-0.311	0.757	157.410	146.301	28.381	-23.55	-12.04	-9.96	-98.583	12.667	-77.542	0.99524	-0.00952	0.02603	-0.09293	26.8	10080.1.7	75
2024-1-3 18:46:32:918	WT901BLE67(D1376ACA69A3)	0.226	0.001	1.089	194.214	72.693	13.062	-4.35	0.40	-11.06	-98.583	12.667	-77.542	0.99524	-0.00952	0.02603	-0.09293	26.8	10080.1.7	75
2024-1-3 18:46:33:38	WT901BLE67(D1376ACA69A3)	0.430	0.031	0.954	-83.008	-363.464	-42.053	2.43	-10.57	-14.67	-98.583	12.667	-77.542	0.99493	0.01251	0.01205	-0.09845	26.8	10080.1.7	75
2024-1-3 18:46:33:130	WT901BLE67(D1376ACA69A3)	0.287	0.065	0.792	-63.782	54.871	57.007	-7.84	-25.06	-12.67	-98.583	12.667	-77.542	0.99493	0.01251	0.01205	-0.09845	26.8	10080.1.7	75
2024-1-3 18:46:33:248	WT901BLE67(D1376ACA69A3)	0.234	-0.118	0.882	-15.381	3.723	42.542	-13.28	-13.84	-7.97	-89.642	-12.408	-69.217	0.99493	0.01251	0.01205	-0.09845	26.8	10080.1.7	75
2024-1-3 18:46:33:307	WT901BLE67(D1376ACA69A3)	0.293	-0.149	0.875	4.761	-29.236	-2.686	-13.85	-16.75	-5.69	-89.642	-12.408	-69.217	0.99493	0.01251	0.01205	-0.09845	26.8	10080.1.7	75
2024-1-3 18:46:33:425	WT901BLE67(D1376ACA69A3)	0.423	-0.263	0.990	16.418	-23.865	-14.832	-12.30	-19.32	-5.54	-89.642	-12.408	-69.217	0.97894	-0.12204	-0.14938	-0.06598	26.8	10080.1.7	75
2024-1-3 18:46:33:518	WT901BLE67(D1376ACA69A3)	0.568	-0.283	0.875	-7.751	-23.621	-45.349	-11.23	-21.95	-8.29	-89.642	-12.408	-69.217	0.97894	-0.12204	-0.14938	-0.06598	26.8	10080.1.7	75
2024-1-3 18:46:33:636	WT901BLE67(D1376ACA69A3)	0.593	-0.290	0.842	-25.574	-34.607	-49.561	-11.28	-25.08	-12.72	-87.258	-16.233	-58.325	0.97894	-0.12204	-0.14938	-0.06598	26.8	10080.1.7	75
2024-1-3 18:46:33:726	WT901BLE67(D1376ACA69A3)	0.656	-0.216	0.748	-14.832	-34.790	-32.288	-12.04	-29.14	-16.51	-87.258	-16.233	-58.325	0.97894	-0.12204	-0.14938	-0.06598	26.8	10080.1.7	75
2024-1-3 18:46:33:966	WT901BLE67(D1376ACA69A3)	0.613	-0.154	0.747	0.671	-30.823	-19.409	-12.07	-33.08	-18.55	-87.258	-16.233	-58.325	0.94370	-0.14005	-0.24490	-0.17239	26.8	10080.1.7	75
2024-1-3 18:46:33:967	WT901BLE67(D1376ACA69A3)	0.625	-0.180	0.736	14.465	8.301	-13.611	-10.43	-36.87	-20.34	-87.258	-16.233	-58.325	0.94370	-0.14005	-0.24490	-0.17239	26.8	10080.1.7	75
2024-1-3 18:49:9:335	WT901BLE67(D1376ACA69A3)	-0.632	-0.183	0.748	-3.418	-1.709	-42.664	-7.65	-37.20	-23.93	-87.258	-16.233	-58.325	0.94370	-0.14005	-0.24490	-0.17239	26.8	10080.1.7	75
2024-1-3 18:49:9:426	WT901BLE67(D1376ACA69A3)	-0.931	-0.074	-0.858	-1.282	1.038	20.569	176.40	55.65	-117.53	-87.258	-16.233	-58.325	0.94370	-0.14005	-0.24490	-0.17239	26.8	10080.1.7	75
2024-1-3 18:49:9:544	WT901BLE67(D1376ACA69A3)	-1.097	0.057	-0.893	2.869	24.475	26.917	173.61	53.60	-121.07	-87.258	-16.233	-58.325	0.38742	-0.47598	0.74533	0.26025	26.8	10080.1.7	75
2024-1-3 18:49:9:635	WT901BLE67(D1376ACA69A3)	-0.596	-0.030	-0.767	18.250	4.761	5.554	172.78	52.98	-122.53	176.800	-89.967	-27.850	0.38742	-0.47598	0.74533	0.26025	26.8	10080.1.7	75
2024-1-3 18:49:9:755	WT901BLE67(D1376ACA69A3)	-0.356	0.092	-0.496	20.752	-8.301	12.512	172.69	54.31	-125.39	176.800	-89.967	-27.850	0.38742	-0.47598	0.74533	0.26025	26.8	10080.1.7	75
2024-1-3 18:49:9:814	WT901BLE67(D1376ACA69A3)	-0.738	0.148	-0.429	27.344	-6.592	7.629	173.59	55.05	-127.28	176.800	-89.967	-27.850	0.38742	-0.47598	0.74533	0.26025	26.8	10080.1.7	75
2024-1-3 18:49:9:936	WT901BLE67(D1376ACA69A3)	-1.027	0.289	-0.862	6.958	17.578	-15.198	175.61	53.94	-126.82	176.800	-89.967	-27.850	0.38742	-0.47598	0.74533	0.26025	26.8	10080.1.7	75
2024-1-3 18:49:10:26	WT901BLE67(D1376ACA69A3)	-0.983	0.050	-0.902	4.517	20.996	-6.836	177.12	51.66	-125.78	176.800	-89.967	-27.850	0.38742	-0.47598	0.74533	0.26025	26.8	10080.1.7	75
2024-1-3 18:49:10:145	WT901BLE67(D1376ACA69A3)	-0.541	0.095	-0.650	-2.686	-9.766	3.052	177.51	52.45	-124.32	176.800	-89.967	-27.850	0.38742	-0.47598	0.74533	0.26025	27.6	10080.1.7	75
2024-1-3 18:49:10:237	WT901BLE67(D1376ACA69A3)	-0.419	-0.065	-0.459	-23.926	-15.747	-17.151	176.93	54.51	-122.45	176.800	-89.967	-27.850	0.38742	-0.47598	0.74533	0.26025	27.6	10080.1.7	75
2024-1-3 18:49:10:387	WT901BLE67(D1376ACA69A3)	-0.679	-0.051	-0.465	-17.151	-12.817	3.113	175.51	55.81	-121.90	176.800	-89.967	-27.850	0.38742	-0.47598	0.74533	0.26025	27.6	10080.1.7	75
2024-1-3 18:49:10:418	WT901BLE67(D1376ACA69A3)	-0.810	-0.083	-0.784	-7.385	5.371	20.569	172.84	55.21	-123.96	176.800	-89.967	-27.850	0.38742	-0.47598	0.74533	0.26025	27.6	10080.1.7	75
2024-1-3 18:49:10:538	WT901BLE67(D1376ACA69A3)	-1.232	0.055	-0.951	4.700	25.085	33.203	169.91	52.67	-127.80	176.800	-89.967	-27.850	0.38370	-0.44180	0.76614	0.26553	27.6	10080.1.7	75
2024-1-3 18:49:10:630	WT901BLE67(D1376ACA69A3)	-0.960	0.091	-0.721	10.254	-1.526	8.667	168.20	52.19	-130.11	176.800	-89.967	-27.850	0.38370	-0.44180	0.76614	0.26553	27.6	10080.1.7	75
2024-1-3 18:49:10:750	WT901BLE67(D1376ACA69A3)	-0.313	0.421	-0.487	-15.869	-13.062	-16.846	166.49	53.92	-132.88	174.617	-97.075	-22.825	0.38370	-0.44180	0.76614	0.26553	27.6	10080.1.7	75
2024-1-3 18:49:10:837	WT901BLE67(D1376ACA69A3)	-0.417	0.095	-0.384	-13.306	-4.456	-78.125	171.34	56.44	-124.62	174.617	-97.075	-22.825	0.38370	-0.44180	0.76614	0.26553	27.6	10080.1.7	75
2024-1-3 18:49:10:958	WT901BLE67(D1376ACA69A3)	-0.842	-0.080	-0.594	3.296	19.165	-83.984	-175.90	54.94	-108.85	174.617	-97.075	-22.825	0.37802	-0.41434	0.77859	0.28122	27.6	10080.1.7	75
2024-1-3 18:49:11:47	WT901BLE67(D1376ACA69A3)	-0.968	0.049	-1.026	19.104	-1.465	-13.916	-168.59	52.87	-101.40	174.617	-97.075	-22.825	0.37802	-0.41434	0.77859	0.28122	27.6	10080.1.7	75
2024-1-3 18:49:11:174	WT901BLE67(D1376ACA69A3)	-1.008	-0.164	-0.626	-8.484	-9.277	12.207	-167.56	52.88	-100.00	172.008	-90.283	-25.508	0.37802	-0.41434	0.77859	0.28122	27.6	10080.1.7	75
2024-1-3 18:49:11:229	WT901BLE67(D1376ACA69A3)	-0.787	-0.172	-0.718	-27.466	-4.883	49.255	-175.21	55.26	-107.48	172.008	-90.283	-25.508	0.37802	-0.41434	0.77859	0.28122	27.6	10080.1.7	75
2024-1-3 18:49:11:350	WT901BLE67(D1376ACA69A3)	-0.479	-0.018	-0.485	-27.527	-26.184	70.190	172.98	57.69	-118.55	172.008	-90.283	-25.508	0.40131	-0.51666	0.72003	0.23117	27.6	10080.1.7	75
2024-1-3 18:49:11:468	WT901BLE67(D1376ACA69A3)	-0.522	-0.200	-0.458	-16.479	-15.259	31.982	162.37	58.60	-128.27	176.267	-98.750	-29.417	0.40131	-0.51666	0.72003	0.23117	27.6	10080.1.7	75
2024-1-3 18:49:11:558	WT901BLE67(D1376ACA69A3)	-0.672	-0.172	-0.712	37.109	-4.333	33.020	160.00	58.25	-133.41	176.267	-98.750	-29.417	0.40131	-0.51666	0.72003	0.23117	27.6	10080.1.7	75
2024-1-3 18:49:11:650	WT901BLE67(D1376ACA69A3)	-1.358	0.271	-0.904	49.255	20.874	38.025	161.32	55.40	-137.77	176.267	-98.750	-29.417	0.40131	-0.51666	0.72003	0.23117	27.6	10080.1.7	75
2024-1-3 18:49:11:775	WT901BLE67(D1376ACA69A3)	-0.895	0.293	-0.619	30.029	11.963	-34.058	164.48	53.98	-138.53	176.267	-98.750	-29.417	0.38016	-0.40176	0.77115	0.31509	27.6	10080.1.7	75
2024-1-3 18:49:11:829	WT901BLE67(D1376ACA69A3)	-0.462	0.197	-0.694	44.189	-3.113	5.432	168.57	54.88	-138.43	176.267	-98.750	-29.417	0.38016	-0.40176	0.77115	0.31509	27.6	10080.1.7	75
2024-1-3 18:49:11:948	WT901BLE67(D1376ACA69A3)	-0.510	0.256	-0.312	34.729	-16.541	-3.967	172.10	56.51	-138.50	172.500	-96.833	-29.100	0.38016	-0.40176	0.77115	0.31509	27.6	10080.1.7	75
2024-1-3 18:49:12:38	WT901BLE67(D1376ACA69A3)	-0.792	0.325	-0.511	8.972	-4.272	-12.512	174.85	56.95	-137.60	172.500	-96.833	-29.100	0.38016	-0.40176	0.77115	0.31509	27.6	10080.1.7	75
2024-1-3 18:49:12:189	WT901BLE67(D1376ACA69A3)	-1.266	0.027	-1.052	-5.188	19.958	-27.954	177.71	55.18	-133.52	172.500	-96.833	-29.100	0.42877	-0.33667	0.81097	0.21216	27.6	10080.1.7	75
2024-1-3 18:49:12:250	WT901BLE67(D1376ACA69A3)	-0.859	0.048	-0.514	-24.536	3.784	-37.781	-179.38	53.35	-128.25	172.500	-96.833	-29.100	0.42877	-0.33667	0.81097	0.21216	27.6	10080.1.7	75
2024-1-3 18:49:12:367	WT901BLE67(D1376ACA69A3)	-0.479	-0.065	-0.713	-19.287	-5.188	-9.338	-179.42	54.32	-125.95	161.433	-87.808	-29.742	0.42877	-0.33667	0.81097	0.21216	27.6	10080.1.7	75
2024-1-3 18:49:12:455	WT901BLE67(D1376ACA69A3)	-0.459	-0.055	-0.388	-21.667	-9.705	-7.202	-179.90	55.42	-123.56	161.433	-87.808	-29.742	0.42877	-0.33667	0.81097	0.21216	27.6	10080.1.7	75
2024-1-3 18:49:12:605	WT901BLE67(D1376ACA69A3)	-0.749	-0.147	-0.633	-15.015	-7.324	10.803	177.96	55.83	-124.03	161.433	-87.808	-29.742	0.41028	-0.41647	0.78168	0.21698	27.6	10080.1.7	75
2024-1-3 18:49:12:643	WT901BLE67(D1376ACA69A3)	-1.502	-0.016	-0.976	-8.057	13.184	24.170	174.59	54.70	-127.10	161.433	-87.808	-29.742	0.41028	-0.41647	0.78168	0.21698	27.6	10080.1.7	75
2024-1-3 18:49:12:818	WT901BLE67(D1376ACA69A3)	-0.880	0.096	-0.481	-13.306	4.028	0.671	171.74	52.93	-129.69	155.300	-86.658	-33.617	0.41028	-0.41647	0.78168	0.21698	27.6	10080.1.7	75
2024-1-3 18:49:12:845	WT901BLE67(D1376ACA69A3)	-0.473	0.074	-0.604	29.419	-10.010	22.400	172.44	54.24	-130.27	155.300	-86.658	-33.617	0.41028	-0.41647	0.78168	0.21698	27.6	10080.1.7	75
2024-1-3 19:0:24:628	WT901BLE67(D1376ACA69A3)	-0.547	0.091	-0.358	26.062	-11.719	13.062	172.71	55.38	-133.32	155.300	-86.658	-33.617	0.41028	-0.41647	0.78168	0.21698	27.6	10080.1.7	75
2024-1-3 19:0:24:629	WT901BLE67(D1376ACA69A3)	-0.865	0.288	-0.612	25.330	-11.902	2.808	173.54	56.44	-136.02	155.300	-86.658	-33.617	0.41028	-0.41647	0.78168	0.21698	27.6	10080.1.7	75
2024-1-3 19:0:24:792	WT901BLE67(D1376ACA69A3)	-0.210	0.150	-1.004	-2.808	15.259	-17.273	175.68	55.68	-134.40	155.300	-86.658	-33.617	0.41028	-0.41647	0.78168	0.21698	27.6	10080.1.7	75
2024-1-3 19:0:24:911	WT901BLE67(D1376ACA69A3)	-0.205	0.780	-0.597	1.404	-0.916	0.549	127.57	12.00	156.37	155.300	-86.658	-33.617	0.40640	-0.37271	0.80081	0.23352	27.6	10080.1.7	75
2024-1-3 19:0:25:1	WT901BLE67(D1376ACA69A3)	-0.200	0.782	-0.592	1.404	-1.648	0.366	127.66	12.05	156.20	155.300	-86.658	-33.617	0.40640	-0.37271	0.80081	0.23352	27.6	10080.1.7	75
2024-1-3 19:0:25:124	WT901BLE67(D1376ACA69A3)	-0.202	0.789	-0.590	1.221	-2.136	1.282	127.70	12.11	155.98	155.300	-86.658	-33.617	0.18240	0.13840	0.88284	0.40997	27.6	10080.1.7	75
2024-1-3 19:0:25:210	WT901BLE67(D1376ACA69A3)	-0.206	0.787	-0.592	0.183	-2.258	2.075	127.66	12.11	155.68	155.300	-86.658	-33.617	0.18240	0.13840	0.88284	0.40997	27.6	10080.1.7	75
2024-1-3 19:0:25:331	WT901BLE67(D1376ACA69A3)	-0.197	0.783	-0.597	-0.305	-2.197	1.770	127.56	12.07	155.37	155.300	-86.658	-33.617	0.18240	0.13840	0.88284	0.40997	27.6	10080.1.7	75
2024-1-3 19:0:25:422	WT901BLE67(D1376ACA69A3)	-0.198	0.785	-0.588	0.610	-1.404	1.221	127.52	12.04	155.10	155.300	-86.658	-33.617	0.18240	0.13840	0.88284	0.40997	27.6	10080.1.7	75
2024-1-3 19:0:25:515	WT901BLE67(D1376ACA69A3)	-0.202	0.781	-0.587	1.404	-0.977	0.488	127.57	12.02	154.96	155.300	-86.658	-33.617	0.18240	0.13840	0.88284	0.40997	21.2	10080.1.7	75
2024-1-3 19:0:25:601	WT901BLE67(D1376ACA69A3)	-0.198	0.780	-0.591	2.136	0.061	0.000	127.74	12.02	154.93	155.300	-86.658	-33.617	0.18240	0.13840	0.88284	0.40997	21.2	10080.1.7	75
2024-1-3 19:0:25:752	WT901BLE67(D1376ACA69A3)	-0.196	0.792	-0.596	1.709	0.061	-0.305	127.91	12.00	154.93	155.300	-86.658	-33.617	0.18240	0.13840	0.88284	0.40997	21.2	10080.1.7	75
2024-1-3 19:0:25:842	WT901BLE67(D1376ACA69A3)	-0.208	0.778	-0.592	1.221	1.160	-0.488	128.02	12.00	154.97	155.300	-86.658	-33.617	0.18240	0.13840	0.88284	0.40997	21.2	10080.1.7	75
2024-1-3 19:0:25:961	WT901BLE67(D1376ACA69A3)	-0.204	0.779	-0.601	1.160	0.732	0.610	128.13	11.91	155.05	-265.108	-220.550	262.508	0.18240	0.13840	0.88284	0.40997	21.2	10080.1.7	75
2024-1-3 19:0:26:21	WT901BLE67(D1376ACA69A3)	-0.201	0.775	-0.603	1.099	-0.549	0.244	128.21	11.88	155.01	-265.108	-220.550	262.508	0.18240	0.13840	0.88284	0.40997	21.2	10080.1.7	75
2024-1-3 19:0:26:140	WT901BLE67(D1376ACA69A3)	-0.193	0.779	-0.607	1.221	-0.549	0.488	128.29	11.89	154.92	-265.108	-220.550	262.508	0.18488	0.14935	0.88330	0.40393	21.2	10080.1.7	75
2024-1-3 19:0:26:233	WT901BLE67(D1376ACA69A3)	-0.192	0.779	-0.607	0.305	-0.183	0.732	128.31	11.85	154.81	-265.108	-220.550	262.508	0.18488	0.14935	0.88330	0.40393	21.2	10080.1.7	75
2024-1-3 19:0:26:351	WT901BLE67(D1376ACA69A3)	-0.194	0.776	-0.607	-0.610	-0.427	0.427	128.25	11.82	154.75	-265.108	-220.358	262.508	0.18488	0.14935	0.88330	0.40393	21.2	10080.1.7	75
2024-1-3 19:0:26:410	WT901BLE67(D1376ACA69A3)	-0.201	0.770	-0.608	-0.854	0.366	0.122	128.16	11.78	154.75	-265.108	-220.358	262.508	0.18488	0.14935	0.88330	0.40393	21.2	10080.1.7	75
2024-1-3 19:0:26:831	WT901BLE67(D1376ACA69A3)	-0.198	0.769	-0.609	0.427	0.183	0.061	128.15	11.74	154.76	-265.108	-220.358	262.508	0.18521	0.15173	0.88284	0.40390	21.2	10080.1.7	75
2024-1-3 19:0:26:832	WT901BLE67(D1376ACA69A3)	-0.198	0.773	-0.604	1.038	-0.305	0.122	128.25	11.74	154.74	-265.108	-220.358	262.508	0.18521	0.15173	0.88284	0.40390	21.2	10080.1.7	75
2024-1-3 19:0:26:832	WT901BLE67(D1376ACA69A3)	-0.187	0.792	-0.611	0.000	0.122	0.793	128.33	11.71	154.70	-265.108	-220.358	262.508	0.18521	0.15173	0.88284	0.40390	21.2	10080.1.7	75
2024-1-3 19:0:26:833	WT901BLE67(D1376ACA69A3)	-0.191	0.756	-0.603	0.305	-1.526	2.075	128.19	11.59	154.47	-265.108	-220.358	262.508	0.18521	0.15173	0.88284	0.40390	21.2	10080.1.7	75
2024-1-3 19:0:26:920	WT901BLE67(D1376ACA69A3)	-0.195	0.770	-0.596	3.235	0.732	-1.038	128.40	11.58	154.47	-265.108	-220.358	262.508	0.18521	0.15173	0.88284	0.40390	21.2	10080.1.7	75
2024-1-3 19:0:52:123	WT901BLE67(D1376ACA69A3)	-0.175	0.785	-0.611	2.747	2.380	-3.296	128.77	11.65	154.79	-265.108	-220.358	262.508	0.18347	0.15378	0.88446	0.40036	21.2	10080.1.7	75
2024-1-3 19:0:52:183	WT901BLE67(D1376ACA69A3)	-0.170	0.793	-0.597	-0.549	0.244	-1.343	127.72	10.07	148.62	-265.108	-220.358	262.508	0.18347	0.15378	0.88446	0.40036	21.2	10080.1.7	75
2024-1-3 19:0:52:302	WT901BLE67(D1376ACA69A3)	-0.167	0.783	-0.595	-0.305	-0.427	-0.427	127.64	10.14	148.67	-265.108	-220.358	262.508	0.19455	0.20459	0.87137	0.40115	21.2	10080.1.7	75
2024-1-3 19:0:52:394	WT901BLE67(D1376ACA69A3)	-0.173	0.783	-0.598	-0.244	-1.221	0.671	127.58	10.18	148.62	-265.108	-220.358	262.508	0.19455	0.20459	0.87137	0.40115	21.2	10080.1.7	75
2024-1-3 19:0:52:513	WT901BLE67(D1376ACA69A3)	-0.171	0.788	-0.597	-0.366	-0.916	0.854	127.52	10.17	148.51	-265.108	-221.100	262.508	0.19455	0.20459	0.87137	0.40115	21.2	10080.1.7	75
2024-1-3 19:0:52:604	WT901BLE67(D1376ACA69A3)	-0.170	0.790	-0.595	-0.549	-0.916	0.793	127.42	10.15	148.36	-265.108	-221.100	262.508	0.19455	0.20459	0.87137	0.40115	21.2	10080.1.7	75
2024-1-3 19:0:52:725	WT901BLE67(D1376ACA69A3)	-0.170	0.792	-0.592	-0.427	-0.916	0.366	127.33	10.15	148.24	-265.108	-221.100	262.508	0.19644	0.20551	0.87003	0.40265	21.2	10080.1.7	75
2024-1-3 19:0:52:784	WT901BLE67(D1376ACA69A3)	-0.176	0.792	-0.587	-0.183	-1.282	0.244	127.26	10.18	148.12	-265.108	-221.100	262.508	0.19644	0.20551	0.87003	0.40265	21.2	10080.1.7	75
2024-1-3 19:0:52:937	WT901BLE67(D1376ACA69A3)	-0.169	0.792	-0.586	0.305	-1.221	0.000	127.22	10.24	148.02	-265.108	-220.942	262.508	0.19644	0.20551	0.87003	0.40265	21.2	10080.1.7	75
2024-1-3 19:0:52:994	WT901BLE67(D1376ACA69A3)	-0.170	0.794	-0.585	0.793	-1.404	0.244	127.22	10.29	147.90	-265.108	-220.942	262.508	0.19644	0.20551	0.87003	0.40265	21.2	10080.1.7	75
2024-1-3 19:0:53:117	WT901BLE67(D1376ACA69A3)	-0.172	0.795	-0.587	0.793	-1.160	0.488	127.24	10.34	147.80	-265.108	-220.942	262.508	0.19937	0.20798	0.86844	0.40332	21.2	10080.1.7	75
2024-1-3 19:0:53:203	WT901BLE67(D1376ACA69A3)	-0.167	0.797	-0.587	0.427	-0.610	0.427	127.25	10.34	147.71	-265.108	-220.942	262.508	0.19937	0.20798	0.86844	0.40332	21.2	10080.1.7	75
2024-1-3 19:0:53:322	WT901BLE67(D1376ACA69A3)	-0.168	0.794	-0.587	0.122	-0.244	0.793	127.23	10.30	147.62	-265.108	-221.283	262.508	0.19937	0.20798	0.86844	0.40332	21.2	10080.1.7	75
2024-1-3 19:0:53:415	WT901BLE67(D1376ACA69A3)	-0.169	0.793	-0.592	0.549	0.305	0.305	127.23	10.23	147.57	-265.108	-221.283	262.508	0.19937	0.20798	0.86844	0.40332	21.2	10080.1.7	75
2024-1-3 19:0:53:562	WT901BLE67(D1376ACA69A3)	-0.172	0.796	-0.593	0.488	0.427	-0.183	127.27	10.18	147.58	-265.108	-221.283	262.508	0.20035	0.21100	0.86780	0.40268	21.2	10080.1.7	75
2024-1-3 19:0:53:592	WT901BLE67(D1376ACA69A3)	-0.175	0.792	-0.593	0.488	0.671	-0.427	127.30	10.16	147.65	-265.108	-221.283	262.508	0.20035	0.21100	0.86780	0.40268	21.2	10080.1.7	75
2024-1-3 19:0:53:716	WT901BLE67(D1376ACA69A3)	-0.160	0.789	-0.598	1.038	-0.061	-0.305	127.35	10.15	147.68	-265.108	-222.017	262.508	0.20035	0.21100	0.86780	0.40268	21.2	10080.1.7	75
2024-1-3 19:0:53:806	WT901BLE67(D1376ACA69A3)	-0.173	0.788	-0.592	1.160	0.000	-0.977	127.43	10.21	147.69	-265.108	-222.017	262.508	0.20035	0.21100	0.86780	0.40268	21.2	10080.1.7	75
2024-1-3 19:0:53:927	WT901BLE67(D1376ACA69A3)	-0.175	0.783	-0.598	1.526	0.061	-0.549	127.57	10.26	147.78	-265.108	-222.017	262.508	0.19934	0.21054	0.86874	0.40140	21.2	10080.1.7	75
2024-1-3 19:0:54:46	WT901BLE67(D1376ACA69A3)	-0.174	0.784	-0.594	2.014	-0.061	0.122	127.73	10.25	147.80	-265.108	-222.017	262.508	0.19934	0.21054	0.86874	0.40140	21.2	10080.1.7	75
2024-1-3 19:0:54:136	WT901BLE67(D1376ACA69A3)	-0.177	0.802	-0.608	0.793	0.427	0.183	127.86	10.22	147.83	-265.108	-220.950	262.508	0.19934	0.21054	0.86874	0.40140	21.2	10080.1.7	75
2024-1-3 19:0:54:192	WT901BLE67(D1376ACA69A3)	-0.164	0.786	-0.595	-0.793	-0.732	0.183	127.79	10.21	147.86	-265.108	-220.950	262.508	0.19934	0.21054	0.86874	0.40140	21.2	10080.1.7	75
2024-1-3 19:0:54:344	WT901BLE67(D1376ACA69A3)	-0.166	0.782	-0.604	-0.305	0.854	0.122	127.71	10.17	147.83	-265.108	-220.950	262.508	0.19800	0.20993	0.87033	0.39893	21.2	10080.1.7	75
2024-1-3 19:0:54:402	WT901BLE67(D1376ACA69A3)	-0.167	0.787	-0.602	-0.122	0.305	0.061	127.68	10.12	147.86	-265.108	-220.950	262.508	0.19800	0.20993	0.87033	0.39893	21.2	10080.1.7	75
2024-1-3 19:0:54:521	WT901BLE67(D1376ACA69A3)	-0.178	0.788	-0.595	0.244	1.221	-0.549	127.68	10.07	147.94	-265.108	-221.000	262.508	0.19800	0.20993	0.87033	0.39893	21.2	10080.1.7	75
2024-1-3 19:0:54:611	WT901BLE67(D1376ACA69A3)	-0.167	0.778	-0.600	0.854	0.183	-0.488	127.73	10.07	148.07	-265.108	-221.000	262.508	0.19800	0.20993	0.87033	0.39893	21.2	10080.1.7	75
2024-1-3 19:0:54:739	WT901BLE67(D1376ACA69A3)	-0.169	0.793	-0.595	0.488	0.305	-0.305	127.80	10.09	148.09	-265.108	-221.000	262.508	0.19638	0.20874	0.87045	0.40009	21.2	10080.1.7	75
2024-1-3 19:0:54:830	WT901BLE67(D1376ACA69A3)	-0.168	0.791	-0.596	-0.305	0.000	-0.122	127.79	10.07	148.14	-265.108	-221.000	262.508	0.19638	0.20874	0.87045	0.40009	21.2	10080.1.7	75
2024-1-3 19:0:54:951	WT901BLE67(D1376ACA69A3)	-0.170	0.783	-0.598	-0.610	-0.671	0.305	127.69	10.09	148.13	-265.108	-220.942	262.508	0.19638	0.20874	0.87045	0.40009	21.2	10080.1.7	75
2024-1-3 19:0:55:1	WT901BLE67(D1376ACA69A3)	-0.165	0.790	-0.601	0.000	-1.038	0.916	127.63	10.07	148.05	-265.108	-220.942	262.508	0.19638	0.20874	0.87045	0.40009	21.2	10080.1.7	75
2024-1-3 19:0:55:123	WT901BLE67(D1376ACA69A3)	-0.163	0.799	-0.593	-0.122	-1.343	1.038	127.59	10.06	147.87	-265.108	-220.942	262.508	0.19666	0.20868	0.87006	0.40085	21.2	10080.1.7	75
2024-1-3 19:0:55:213	WT901BLE67(D1376ACA69A3)	-0.169	0.784	-0.589	0.305	-1.404	0.854	127.52	10.05	147.67	-265.108	-220.942	262.508	0.19666	0.20868	0.87006	0.40085	21.2	10080.1.7	75
2024-1-3 19:0:55:333	WT901BLE67(D1376ACA69A3)	-0.167	0.785	-0.596	1.526	-0.305	0.061	127.58	10.05	147.60	-265.108	-221.642	262.508	0.19666	0.20868	0.87006	0.40085	21.2	10080.1.7	75
2024-1-3 19:0:55:424	WT901BLE67(D1376ACA69A3)	-0.166	0.795	-0.599	0.916	0.305	-0.488	127.69	10.05	147.62	-265.108	-221.642	262.508	0.19666	0.20868	0.87006	0.40085	21.2	10080.1.7	75
2024-1-3 19:0:55:606	WT901BLE67(D1376ACA69A3)	-0.172	0.786	-0.601	0.366	0.427	-0.854	127.73	10.06	147.69	-265.108	-221.642	262.508	0.19791	0.21219	0.86948	0.39966	21.2	10080.1.7	75
2024-1-3 19:0:55:607	WT901BLE67(D1376ACA69A3)	-0.166	0.787	-0.600	0.061	1.221	-1.038	127.74	10.07	147.80	-265.108	-221.642	262.508	0.19791	0.21219	0.86948	0.39966	21.2	10080.1.7	75
2024-1-3 19:0:55:756	WT901BLE67(D1376ACA69A3)	-0.168	0.789	-0.600	0.244	0.854	-0.732	127.75	10.06	147.91	-265.108	-221.842	262.508	0.19791	0.21219	0.86948	0.39966	21.2	10080.1.7	75
2024-1-3 19:0:55:815	WT901BLE67(D1376ACA69A3)	-0.174	0.784	-0.602	-0.061	0.122	-0.183	127.74	10.07	147.97	-265.108	-221.842	262.508	0.19791	0.21219	0.86948	0.39966	21.2	10080.1.7	75
2024-1-3 19:0:55:932	WT901BLE67(D1376ACA69A3)	-0.168	0.786	-0.599	0.122	-0.305	0.122	127.73	10.07	147.98	-265.108	-221.842	262.508	0.19675	0.20947	0.87027	0.39993	21.2	10080.1.7	75
2024-1-3 19:0:56:24	WT901BLE67(D1376ACA69A3)	-0.174	0.791	-0.599	-0.122	-0.793	0.305	127.69	10.09	147.91	-265.108	-221.842	262.508	0.19675	0.20947	0.87027	0.39993	21.2	10080.1.7	75
2024-1-3 19:0:56:150	WT901BLE67(D1376ACA69A3)	-0.168	0.792	-0.600	-0.610	-0.793	0.000	127.62	10.12	147.84	-265.108	-220.925	262.508	0.19675	0.20947	0.87027	0.39993	21.2	10080.1.7	75
2024-1-3 19:0:56:293	WT901BLE67(D1376ACA69A3)	-0.169	0.791	-0.597	-1.221	-0.854	-0.305	127.49	10.18	147.76	-265.108	-220.925	262.508	0.19894	0.21024	0.86893	0.40134	21.2	10080.1.7	75
2024-1-3 19:0:56:354	WT901BLE67(D1376ACA69A3)	-0.180	0.783	-0.592	-1.099	-0.488	-0.244	127.33	10.23	147.72	-265.108	-220.925	262.508	0.19894	0.21024	0.86893	0.40134	21.2	10080.1.7	75
2024-1-3 19:0:56:417	WT901BLE67(D1376ACA69A3)	-0.167	0.786	-0.596	-1.099	-0.549	-0.122	127.19	10.26	147.73	-265.108	-220.925	262.508	0.19894	0.21024	0.86893	0.40134	21.2	10080.1.7	75
2024-1-3 19:0:56:533	WT901BLE67(D1376ACA69A3)	-0.170	0.792	-0.586	-0.366	-0.488	-0.183	127.10	10.29	147.67	-265.108	-220.675	262.508	0.19894	0.21024	0.86893	0.40134	21.2	10080.1.7	75
2024-1-3 19:0:56:632	WT901BLE67(D1376ACA69A3)	-0.176	0.787	-0.584	0.183	-0.061	-0.061	127.07	10.31	147.65	-265.108	-220.675	262.508	0.19894	0.21024	0.86893	0.40134	21.2	10080.1.7	75
2024-1-3 19:0:56:748	WT901BLE67(D1376ACA69A3)	-0.175	0.787	-0.587	0.916	0.000	0.000	127.12	10.31	147.65	-265.108	-220.675	262.508	0.20090	0.20996	0.86746	0.40372	21.2	10080.1.7	75
2024-1-3 19:0:56:832	WT901BLE67(D1376ACA69A3)	-0.167	0.793	-0.588	1.587	-0.305	0.061	127.23	10.29	147.63	-265.108	-220.675	262.508	0.20090	0.20996	0.86746	0.40372	21.2	10080.1.7	75
2024-1-3 19:0:56:955	WT901BLE67(D1376ACA69A3)	-0.167	0.792	-0.589	1.953	-0.061	0.366	127.37	10.28	147.60	-265.108	-222.050	262.508	0.20090	0.20996	0.86746	0.40372	21.2	10080.1.7	75
2024-1-3 19:0:57:12	WT901BLE67(D1376ACA69A3)	-0.168	0.789	-0.598	2.258	0.183	0.671	127.55	10.22	147.58	-265.108	-222.050	262.508	0.20090	0.20996	0.86746	0.40372	21.2	10080.1.7	75
2024-1-3 19:0:57:161	WT901BLE67(D1376ACA69A3)	-0.163	0.788	-0.597	1.709	0.549	0.549	127.73	10.14	147.58	-265.108	-222.050	262.508	0.19940	0.21170	0.86905	0.40005	21.2	10080.1.7	75
2024-1-3 19:0:57:223	WT901BLE67(D1376ACA69A3)	-0.174	0.789	-0.602	1.709	1.221	0.183	127.89	10.04	147.62	-265.108	-222.050	262.508	0.19940	0.21170	0.86905	0.40005	21.2	10080.1.7	75
2024-1-3 19:0:57:574	WT901BLE67(D1376ACA69A3)	-0.167	0.804	-0.607	-0.244	1.282	-0.366	127.94	9.93	147.72	-265.108	-221.875	262.508	0.19940	0.21170	0.86905	0.40005	21.2	10080.1.7	75
2024-1-3 19:0:57:576	WT901BLE67(D1376ACA69A3)	-0.182	0.830	-0.610	-7.568	1.099	-2.319	127.45	9.94	147.91	-265.108	-221.875	262.508	0.19940	0.21170	0.86905	0.40005	21.2	10080.1.7	75
2024-1-3 19:0:57:576	WT901BLE67(D1376ACA69A3)	-0.172	0.780	-0.595	-8.484	0.000	-3.967	126.58	10.19	148.19	-265.108	-221.875	262.508	0.19940	0.21170	0.86905	0.40005	21.2	10080.1.7	75
2024-1-3 19:0:57:642	WT901BLE67(D1376ACA69A3)	-0.148	0.764	-0.577	-0.916	-2.136	-2.258	126.21	10.52	148.24	-265.108	-221.875	262.508	0.19940	0.21170	0.86905	0.40005	21.2	10080.1.7	75
2024-1-3 19:4:55:33	WT901BLE67(D1376ACA69A3)	-0.389	0.826	-0.562	0.122	-2.075	-0.488	126.30	10.77	148.16	-265.108	-221.875	262.508	0.19717	0.20840	0.86819	0.40475	21.2	10080.1.7	75
2024-1-3 19:4:55:125	WT901BLE67(D1376ACA69A3)	-0.391	0.508	0.763	0.000	0.061	-0.183	34.56	22.77	-21.17	-265.108	-221.875	262.508	0.19717	0.20840	0.86819	0.40475	21.2	10080.1.7	75
2024-1-3 19:4:55:243	WT901BLE67(D1376ACA69A3)	-0.389	0.513	0.763	-0.427	0.000	-0.244	34.53	22.78	-21.20	-265.108	-221.875	262.508	0.19717	0.20840	0.86819	0.40475	21.2	10080.1.7	75
2024-1-3 19:4:55:303	WT901BLE67(D1376ACA69A3)	-0.387	0.512	0.766	0.122	-0.183	-0.122	34.50	22.78	-21.24	-265.108	-152.508	262.508	0.19717	0.20840	0.86819	0.40475	21.2	10080.1.7	75
2024-1-3 19:4:55:424	WT901BLE67(D1376ACA69A3)	-0.388	0.511	0.765	-0.061	-0.183	0.000	34.46	22.77	-21.26	-265.108	-152.508	262.508	0.19717	0.20840	0.86819	0.40475	21.2	10080.1.7	75
2024-1-3 19:4:55:516	WT901BLE67(D1376ACA69A3)	-0.388	0.508	0.765	0.000	0.061	0.000	34.44	22.76	-21.28	-265.108	-152.508	262.508	0.19717	0.20840	0.86819	0.40475	21.2	10080.1.7	75
2024-1-3 19:4:55:637	WT901BLE67(D1376ACA69A3)	-0.388	0.511	0.768	0.122	0.000	0.000	34.43	22.77	-21.29	-265.108	-152.508	262.508	0.19717	0.20840	0.86819	0.40475	21.2	10080.1.7	75
2024-1-3 19:4:55:724	WT901BLE67(D1376ACA69A3)	-0.391	0.509	0.764	-0.244	0.000	-0.366	34.39	22.77	-21.32	-265.108	-152.508	262.508	0.19717	0.20840	0.86819	0.40475	19.8	10080.1.7	75
2024-1-3 19:4:55:843	WT901BLE67(D1376ACA69A3)	-0.395	0.506	0.764	0.183	0.000	-0.549	34.34	22.80	-21.36	-265.108	-152.508	262.508	0.19717	0.20840	0.86819	0.40475	19.8	10080.1.7	75
2024-1-3 19:4:55:904	WT901BLE67(D1376ACA69A3)	-0.391	0.512	0.765	0.732	0.793	-0.305	34.37	22.86	-21.37	-265.108	-152.508	262.508	0.19717	0.20840	0.86819	0.40475	19.8	10080.1.7	75
2024-1-3 19:4:56:24	WT901BLE67(D1376ACA69A3)	-0.391	0.511	0.765	0.122	-0.244	-0.061	34.39	22.88	-21.38	-265.108	-152.508	262.508	0.19717	0.20840	0.86819	0.40475	19.8	10080.1.7	75
2024-1-3 19:4:56:114	WT901BLE67(D1376ACA69A3)	-0.392	0.510	0.763	0.244	-0.122	-0.061	34.39	22.88	-21.40	-265.108	-152.508	262.508	0.90912	0.31989	0.13245	-0.23132	19.8	10080.1.7	75
2024-1-3 19:4:56:237	WT901BLE67(D1376ACA69A3)	-0.390	0.510	0.764	0.183	0.000	0.000	34.39	22.88	-21.41	-265.108	-152.508	262.508	0.90912	0.31989	0.13245	-0.23132	19.8	10080.1.7	75
2024-1-3 19:4:56:324	WT901BLE67(D1376ACA69A3)	-0.392	0.509	0.764	0.061	-0.427	0.000	34.37	22.88	-21.43	-265.108	-152.483	262.508	0.90912	0.31989	0.13245	-0.23132	19.8	10080.1.7	75
2024-1-3 19:4:56:446	WT901BLE67(D1376ACA69A3)	-0.391	0.510	0.763	0.122	-0.183	0.000	34.36	22.87	-21.46	-265.108	-152.483	262.508	0.90912	0.31989	0.13245	-0.23132	19.8	10080.1.7	75
2024-1-3 19:4:56:539	WT901BLE67(D1376ACA69A3)	-0.390	0.509	0.766	0.061	-0.061	0.000	34.33	22.86	-21.48	-265.108	-152.483	262.508	0.90909	0.31970	0.13223	-0.23187	19.8	10080.1.7	75
2024-1-3 19:4:56:658	WT901BLE67(D1376ACA69A3)	-0.391	0.507	0.767	0.366	-0.305	0.000	34.32	22.84	-21.51	-265.108	-152.483	262.508	0.90909	0.31970	0.13223	-0.23187	19.8	10080.1.7	75
2024-1-3 19:4:56:775	WT901BLE67(D1376ACA69A3)	-0.391	0.513	0.765	0.610	-0.122	0.000	34.37	22.84	-21.52	-265.108	-152.442	262.508	0.90909	0.31970	0.13223	-0.23187	19.8	10080.1.7	75
2024-1-3 19:4:56:840	WT901BLE67(D1376ACA69A3)	-0.391	0.507	0.764	-0.183	-0.305	0.000	34.34	22.81	-21.55	-265.108	-152.442	262.508	0.90909	0.31970	0.13223	-0.23187	19.8	10080.1.7	75
2024-1-3 19:4:56:924	WT901BLE67(D1376ACA69A3)	-0.390	0.507	0.763	0.122	-0.183	0.000	34.32	22.80	-21.58	-265.108	-152.442	262.508	0.90906	0.31964	0.13153	-0.23245	19.8	10080.1.7	75
2024-1-3 19:4:57:44	WT901BLE67(D1376ACA69A3)	-0.390	0.508	0.765	0.671	-0.183	0.000	34.33	22.80	-21.59	-265.108	-152.442	262.508	0.90906	0.31964	0.13153	-0.23245	19.8	10080.1.7	75
2024-1-3 19:4:57:133	WT901BLE67(D1376ACA69A3)	-0.390	0.510	0.765	-0.244	-0.549	-0.244	34.32	22.78	-21.64	-265.108	-152.333	262.508	0.90906	0.31964	0.13153	-0.23245	19.8	10080.1.7	75
2024-1-3 19:4:57:255	WT901BLE67(D1376ACA69A3)	-0.392	0.507	0.768	0.000	-0.122	-0.183	34.26	22.77	-21.70	-265.108	-152.333	262.508	0.90906	0.31964	0.13153	-0.23245	19.8	10080.1.7	75
2024-1-3 19:4:57:314	WT901BLE67(D1376ACA69A3)	-0.390	0.508	0.767	0.061	-0.183	-0.183	34.23	22.77	-21.73	-265.108	-152.333	262.508	0.90909	0.31906	0.13089	-0.23346	19.8	10080.1.7	75
2024-1-3 19:4:57:438	WT901BLE67(D1376ACA69A3)	-0.390	0.508	0.768	0.000	-0.366	-0.183	34.20	22.77	-21.76	-265.108	-152.333	262.508	0.90909	0.31906	0.13089	-0.23346	19.8	10080.1.7	75
2024-1-3 19:4:57:525	WT901BLE67(D1376ACA69A3)	-0.389	0.506	0.765	0.000	-0.122	-0.061	34.17	22.76	-21.80	-265.108	-152.317	262.508	0.90909	0.31906	0.13089	-0.23346	19.8	10080.1.7	75
2024-1-3 19:4:57:645	WT901BLE67(D1376ACA69A3)	-0.389	0.504	0.767	-0.305	-0.366	-0.183	34.13	22.75	-21.83	-265.108	-152.317	262.508	0.90909	0.31906	0.13089	-0.23346	19.8	10080.1.7	75
2024-1-3 19:4:57:738	WT901BLE67(D1376ACA69A3)	-0.390	0.505	0.768	-0.305	-0.366	-0.366	34.07	22.75	-21.88	-265.108	-152.317	262.508	0.90921	0.31821	0.13068	-0.23428	19.8	10080.1.7	75
2024-1-3 19:4:57:853	WT901BLE67(D1376ACA69A3)	-0.389	0.504	0.769	0.000	-0.183	-0.183	34.01	22.75	-21.93	-265.108	-152.317	262.508	0.90921	0.31821	0.13068	-0.23428	19.8	10080.1.7	75
2024-1-3 19:4:57:948	WT901BLE67(D1376ACA69A3)	-0.390	0.504	0.769	0.061	-0.061	-0.122	33.98	22.75	-21.96	-265.108	-152.092	262.508	0.90921	0.31821	0.13068	-0.23428	19.8	10080.1.7	75
2024-1-3 19:4:58:64	WT901BLE67(D1376ACA69A3)	-0.387	0.505	0.770	0.061	-0.122	-0.122	33.96	22.75	-21.98	-265.108	-152.092	262.508	0.90921	0.31821	0.13068	-0.23428	19.8	10080.1.7	75
2024-1-3 19:4:58:124	WT901BLE67(D1376ACA69A3)	-0.390	0.502	0.769	0.244	-0.061	-0.061	33.94	22.75	-22.01	-265.108	-152.092	262.508	0.90939	0.31699	0.13058	-0.23535	19.8	10080.1.7	75
2024-1-3 19:4:58:249	WT901BLE67(D1376ACA69A3)	-0.390	0.505	0.769	0.366	0.000	-0.061	33.95	22.76	-22.02	-265.108	-152.092	262.508	0.90939	0.31699	0.13058	-0.23535	19.8	10080.1.7	75
2024-1-3 19:4:58:364	WT901BLE67(D1376ACA69A3)	-0.391	0.504	0.768	0.183	0.000	0.000	33.95	22.76	-22.03	-265.108	-152.058	262.508	0.90939	0.31699	0.13058	-0.23535	19.8	10080.1.7	75
2024-1-3 19:4:58:455	WT901BLE67(D1376ACA69A3)	-0.389	0.507	0.771	-0.366	-0.671	0.000	33.93	22.74	-22.06	-265.108	-152.058	262.508	0.90939	0.31699	0.13058	-0.23535	19.8	10080.1.7	75
2024-1-3 19:4:58:574	WT901BLE67(D1376ACA69A3)	-0.388	0.497	0.771	-1.038	-0.488	-0.305	33.82	22.70	-22.12	-265.108	-152.058	262.508	0.90930	0.31693	0.13037	-0.23590	19.8	10080.1.7	75
2024-1-3 19:4:58:663	WT901BLE67(D1376ACA69A3)	-0.389	0.499	0.770	0.305	0.244	-0.061	33.76	22.70	-22.15	-265.108	-152.058	262.508	0.90930	0.31693	0.13037	-0.23590	19.8	10080.1.7	75
2024-1-3 19:4:58:726	WT901BLE67(D1376ACA69A3)	-0.388	0.502	0.771	0.000	-0.244	-0.061	33.76	22.71	-22.16	-265.108	-151.892	262.508	0.90930	0.31693	0.13037	-0.23590	19.8	10080.1.7	75
2024-1-3 19:4:58:846	WT901BLE67(D1376ACA69A3)	-0.389	0.503	0.771	-0.305	-0.366	-0.061	33.72	22.70	-22.19	-265.108	-151.892	262.508	0.90930	0.31693	0.13037	-0.23590	19.8	10080.1.7	75
2024-1-3 19:4:58:935	WT901BLE67(D1376ACA69A3)	-0.389	0.496	0.773	-0.122	0.000	-0.122	33.65	22.69	-22.23	-265.108	-151.892	262.508	0.90973	0.31525	0.13007	-0.23660	19.8	10080.1.7	75
2024-1-3 19:4:59:54	WT901BLE67(D1376ACA69A3)	-0.391	0.500	0.772	0.549	0.061	0.000	33.66	22.70	-22.24	-265.108	-151.892	262.508	0.90973	0.31525	0.13007	-0.23660	19.8	10080.1.7	75
2024-1-3 19:4:59:452	WT901BLE67(D1376ACA69A3)	-0.393	0.501	0.772	0.183	-0.122	0.000	33.68	22.71	-22.24	-265.108	-151.775	262.508	0.90973	0.31525	0.13007	-0.23660	19.8	10080.1.7	75
2024-1-3 19:4:59:453	WT901BLE67(D1376ACA69A3)	-0.391	0.497	0.768	0.305	-0.183	0.000	33.67	22.72	-22.25	-265.108	-151.775	262.508	0.90973	0.31525	0.13007	-0.23660	19.8	10080.1.7	75
2024-1-3 19:4:59:454	WT901BLE67(D1376ACA69A3)	-0.390	0.497	0.770	0.122	0.183	0.000	33.67	22.72	-22.26	-265.108	-151.775	262.508	0.90973	0.31525	0.13007	-0.23660	19.8	10080.1.7	75
2024-1-3 19:4:59:491	WT901BLE67(D1376ACA69A3)	-0.389	0.499	0.771	0.000	-0.427	0.000	33.66	22.72	-22.28	-265.108	-151.775	262.508	0.90973	0.31525	0.13007	-0.23660	19.8	10080.1.7	75
2024-1-3 19:4:59:533	WT901BLE67(D1376ACA69A3)	-0.392	0.498	0.770	0.916	-0.183	0.000	33.68	22.71	-22.30	-265.108	-151.775	262.508	0.90967	0.31503	0.13007	-0.23712	19.8	10080.1.7	75
2024-1-3 19:9:18:885	WT901BLE67(D1376ACA69A3)	-0.434	0.503	0.771	0.061	-0.244	0.000	33.71	22.71	-22.32	-265.108	-151.567	262.508	0.90967	0.31503	0.13007	-0.23712	19.8	10080.1.7	75
2024-1-3 19:9:18:973	WT901BLE67(D1376ACA69A3)	-0.419	0.382	0.835	-0.488	1.587	2.502	25.38	23.13	32.69	-265.108	-130.067	262.508	0.90967	0.31503	0.13007	-0.23712	19.8	10080.1.7	75
2024-1-3 19:9:19:91	WT901BLE67(D1376ACA69A3)	-0.412	0.378	0.829	-0.610	0.488	2.747	25.38	23.13	32.98	-265.108	-130.067	262.508	0.90967	0.31503	0.13007	-0.23712	19.8	10080.1.7	75
2024-1-3 19:9:19:183	WT901BLE67(D1376ACA69A3)	-0.416	0.383	0.846	-2.502	-0.061	2.808	25.37	23.09	33.27	-265.108	-130.067	262.508	0.92877	0.15076	0.24872	0.22952	19.8	10080.1.7	75
2024-1-3 19:9:19:302	WT901BLE67(D1376ACA69A3)	-0.413	0.369	0.853	-1.892	0.183	2.686	25.30	23.06	33.55	-265.108	-130.067	262.508	0.92877	0.15076	0.24872	0.22952	19.8	10080.1.7	75
2024-1-3 19:9:19:362	WT901BLE67(D1376ACA69A3)	-0.419	0.361	0.841	-0.732	1.038	2.747	25.27	23.04	33.83	-265.108	-130.067	262.508	0.92877	0.15076	0.24872	0.22952	19.8	10080.1.7	75
2024-1-3 19:9:19:517	WT901BLE67(D1376ACA69A3)	-0.419	0.386	0.833	-0.488	0.916	2.991	25.33	23.10	34.13	-265.108	-130.067	262.508	0.92877	0.15076	0.24872	0.22952	19.8	10080.1.7	75
2024-1-3 19:9:19:572	WT901BLE67(D1376ACA69A3)	-0.433	0.372	0.855	-0.854	0.305	2.747	25.21	23.05	34.39	-265.108	-130.067	262.508	0.92877	0.15076	0.24872	0.22952	21.4	10080.1.7	75
2024-1-3 19:9:19:694	WT901BLE67(D1376ACA69A3)	-0.425	0.382	0.881	-0.916	0.244	2.808	25.14	23.03	34.67	-265.108	-130.067	262.508	0.92877	0.15076	0.24872	0.22952	21.4	10080.1.7	75
2024-1-3 19:9:19:784	WT901BLE67(D1376ACA69A3)	-0.410	0.404	0.857	-0.854	-0.122	2.625	25.20	23.04	34.97	-265.108	-130.067	262.508	0.92877	0.15076	0.24872	0.22952	21.4	10080.1.7	75
2024-1-3 19:9:19:907	WT901BLE67(D1376ACA69A3)	-0.408	0.379	0.829	0.244	1.160	2.808	25.23	23.06	35.28	-265.108	-130.067	262.508	0.92877	0.15076	0.24872	0.22952	21.4	10080.1.7	75
2024-1-3 19:9:19:996	WT901BLE67(D1376ACA69A3)	-0.407	0.362	0.826	-0.610	1.404	2.808	25.26	23.07	35.60	-265.108	-130.308	262.508	0.92877	0.15076	0.24872	0.22952	21.4	10080.1.7	75
2024-1-3 19:9:20:116	WT901BLE67(D1376ACA69A3)	-0.433	0.374	0.847	-0.732	0.366	2.991	25.22	23.04	35.88	-265.108	-130.308	262.508	0.92877	0.15076	0.24872	0.22952	21.4	10080.1.7	75
2024-1-3 19:9:20:176	WT901BLE67(D1376ACA69A3)	-0.413	0.395	0.874	-0.488	1.343	2.869	25.22	23.07	36.17	-265.108	-130.308	262.508	0.92297	0.14304	0.25125	0.25385	21.4	10080.1.7	75
2024-1-3 19:9:20:294	WT901BLE67(D1376ACA69A3)	-0.406	0.374	0.826	1.099	1.831	3.113	25.21	23.07	36.45	-265.108	-130.308	262.508	0.92297	0.14304	0.25125	0.25385	21.4	10080.1.7	75
2024-1-3 19:9:20:382	WT901BLE67(D1376ACA69A3)	-0.436	0.355	0.829	-0.854	1.038	2.869	25.18	23.04	36.74	-265.108	-130.225	262.508	0.92297	0.14304	0.25125	0.25385	21.4	10080.1.7	75
2024-1-3 19:9:20:504	WT901BLE67(D1376ACA69A3)	-0.425	0.390	0.856	-1.770	0.000	2.808	25.21	23.05	37.05	-265.108	-130.225	262.508	0.92297	0.14304	0.25125	0.25385	21.4	10080.1.7	75
2024-1-3 19:9:20:597	WT901BLE67(D1376ACA69A3)	-0.404	0.382	0.868	-1.160	2.258	2.380	25.17	23.05	37.35	-265.108	-130.225	262.508	0.92020	0.14029	0.25275	0.26379	21.4	10080.1.7	75
2024-1-3 19:9:20:715	WT901BLE67(D1376ACA69A3)	-0.399	0.358	0.833	0.000	1.648	3.113	25.17	23.03	37.64	-265.108	-130.225	262.508	0.92020	0.14029	0.25275	0.26379	21.4	10080.1.7	75
2024-1-3 19:9:20:773	WT901BLE67(D1376ACA69A3)	-0.440	0.354	0.840	-1.343	0.793	3.174	25.16	23.01	37.92	-265.108	-130.225	262.508	0.92020	0.14029	0.25275	0.26379	21.4	10080.1.7	75
2024-1-3 19:9:20:927	WT901BLE67(D1376ACA69A3)	-0.411	0.396	0.859	-1.526	1.404	2.380	25.24	23.04	38.23	-265.108	-128.617	262.508	0.92020	0.14029	0.25275	0.26379	21.4	10080.1.7	75
2024-1-3 19:9:20:983	WT901BLE67(D1376ACA69A3)	-0.419	0.380	0.857	-2.197	0.427	2.258	25.22	23.02	38.53	-265.108	-128.617	262.508	0.91742	0.13791	0.25446	0.27289	21.4	10080.1.7	75
2024-1-3 19:9:21:105	WT901BLE67(D1376ACA69A3)	-0.430	0.390	0.838	0.732	0.854	2.930	25.16	23.04	38.82	-265.108	-128.617	262.508	0.91742	0.13791	0.25446	0.27289	21.4	10080.1.7	75
2024-1-3 19:9:21:193	WT901BLE67(D1376ACA69A3)	-0.412	0.370	0.828	-1.160	1.099	2.625	25.16	23.07	39.11	-265.108	-130.975	262.508	0.91742	0.13791	0.25446	0.27289	21.4	10080.1.7	75
2024-1-3 19:9:21:314	WT901BLE67(D1376ACA69A3)	-0.415	0.368	0.825	-0.793	0.122	2.441	25.18	23.08	39.41	-265.108	-130.975	262.508	0.91742	0.13791	0.25446	0.27289	21.4	10080.1.7	75
2024-1-3 19:9:21:642	WT901BLE67(D1376ACA69A3)	-0.412	0.383	0.842	0.427	0.549	3.174	25.20	23.06	39.72	-265.108	-130.975	262.508	0.91476	0.13495	0.25580	0.28189	21.4	10080.1.7	75
2024-1-3 19:9:21:642	WT901BLE67(D1376ACA69A3)	-0.417	0.363	0.828	-0.122	1.221	3.113	25.18	23.05	40.00	-265.108	-130.975	262.508	0.91476	0.13495	0.25580	0.28189	21.4	10080.1.7	75
2024-1-3 19:9:21:643	WT901BLE67(D1376ACA69A3)	-0.430	0.374	0.850	-0.488	0.427	2.808	25.18	23.02	40.30	-265.108	-130.975	262.508	0.91476	0.13495	0.25580	0.28189	21.4	10080.1.7	75
2024-1-3 19:9:21:705	WT901BLE67(D1376ACA69A3)	-0.414	0.362	0.864	-1.221	1.038	2.808	25.19	23.03	40.59	-265.108	-130.975	262.508	0.91476	0.13495	0.25580	0.28189	21.4	10080.1.7	75
2024-1-3 19:12:15:341	WT901BLE67(D1376ACA69A3)	-0.378	0.379	0.827	1.831	0.793	3.479	25.30	23.08	40.92	-265.108	-130.975	262.508	0.91476	0.13495	0.25580	0.28189	21.4	10080.1.7	75
2024-1-3 19:12:15:431	WT901BLE67(D1376ACA69A3)	-0.384	0.289	0.893	0.305	-0.244	-0.244	19.81	22.53	31.62	-265.108	-130.975	262.508	0.91476	0.13495	0.25580	0.28189	21.4	10080.1.7	75
2024-1-3 19:12:15:551	WT901BLE67(D1376ACA69A3)	-0.391	0.297	0.883	0.549	0.000	-0.610	19.91	22.54	31.56	-265.108	-130.975	262.508	0.91476	0.13495	0.25580	0.28189	22.2	10080.1.7	75
2024-1-3 19:12:15:611	WT901BLE67(D1376ACA69A3)	-0.382	0.304	0.902	0.916	0.000	-0.671	19.95	22.58	31.50	-265.108	-130.975	262.508	0.91476	0.13495	0.25580	0.28189	22.2	10080.1.7	75
2024-1-3 19:12:15:730	WT901BLE67(D1376ACA69A3)	-0.378	0.283	0.917	0.549	-0.244	-0.549	19.94	22.58	31.43	-265.108	-130.975	262.508	0.91476	0.13495	0.25580	0.28189	22.2	10080.1.7	75
2024-1-3 19:12:15:828	WT901BLE67(D1376ACA69A3)	-0.378	0.291	0.911	1.160	-0.549	-0.549	19.96	22.54	31.34	-265.108	-130.975	262.508	0.91476	0.13495	0.25580	0.28189	22.2	10080.1.7	75
2024-1-3 19:12:15:940	WT901BLE67(D1376ACA69A3)	-0.363	0.284	0.893	0.366	0.122	-0.854	20.00	22.54	31.26	-265.108	-130.975	262.508	0.93912	0.11176	0.23117	0.22803	22.2	10080.1.7	75
2024-1-3 19:12:16:30	WT901BLE67(D1376ACA69A3)	-0.363	0.281	0.882	1.099	0.244	-0.732	20.01	22.52	31.16	-265.108	-130.975	262.508	0.93912	0.11176	0.23117	0.22803	22.2	10080.1.7	75
2024-1-3 19:12:16:150	WT901BLE67(D1376ACA69A3)	-0.378	0.270	0.881	1.648	0.671	-0.427	20.04	22.52	31.07	-265.108	-141.450	262.508	0.93912	0.11176	0.23117	0.22803	22.2	10080.1.7	75
2024-1-3 19:12:16:241	WT901BLE67(D1376ACA69A3)	-0.382	0.288	0.888	1.587	0.671	-0.549	20.14	22.57	31.03	-265.108	-141.450	262.508	0.93912	0.11176	0.23117	0.22803	22.2	10080.1.7	75
2024-1-3 19:12:16:361	WT901BLE67(D1376ACA69A3)	-0.386	0.297	0.884	1.099	0.183	-0.671	20.19	22.60	30.95	-265.108	-141.450	262.508	0.93912	0.11176	0.23117	0.22803	22.2	10080.1.7	75
2024-1-3 19:12:16:430	WT901BLE67(D1376ACA69A3)	-0.370	0.288	0.884	0.061	0.000	-0.854	20.17	22.62	30.85	-265.108	-141.450	262.508	0.93912	0.11176	0.23117	0.22803	22.2	10080.1.7	75
2024-1-3 19:12:16:541	WT901BLE67(D1376ACA69A3)	-0.374	0.268	0.879	0.488	-0.977	-0.610	20.14	22.57	30.73	-265.108	-141.450	262.508	0.93912	0.11176	0.23117	0.22803	22.2	10080.1.7	75
2024-1-3 19:12:16:632	WT901BLE67(D1376ACA69A3)	-0.377	0.283	0.881	2.502	0.000	-0.488	20.18	22.53	30.63	-265.108	-141.450	262.508	0.93912	0.11176	0.23117	0.22803	22.2	10080.1.7	75
2024-1-3 19:12:16:751	WT901BLE67(D1376ACA69A3)	-0.367	0.294	0.889	1.221	-0.122	-0.977	20.25	22.52	30.52	-265.108	-141.450	262.508	0.93912	0.11176	0.23117	0.22803	22.2	10080.1.7	75
2024-1-3 19:12:16:841	WT901BLE67(D1376ACA69A3)	-0.372	0.289	0.904	1.465	-0.061	-0.732	20.23	22.53	30.40	-265.108	-141.450	262.508	0.93912	0.11176	0.23117	0.22803	22.2	10080.1.7	75
2024-1-3 19:12:16:961	WT901BLE67(D1376ACA69A3)	-0.368	0.286	0.901	1.648	0.000	-0.854	20.29	22.52	30.28	-265.108	-141.450	262.508	0.94067	0.11588	0.23080	0.21988	22.2	10080.1.7	75
2024-1-3 19:12:17:34	WT901BLE67(D1376ACA69A3)	-0.383	0.289	0.891	2.502	0.244	-0.977	20.35	22.51	30.16	-265.108	-141.450	262.508	0.94067	0.11588	0.23080	0.21988	22.2	10080.1.7	75
2024-1-3 19:12:17:142	WT901BLE67(D1376ACA69A3)	-0.378	0.295	0.878	1.282	-0.061	-1.282	20.40	22.53	30.03	-265.108	-143.792	262.508	0.94067	0.11588	0.23080	0.21988	22.2	10080.1.7	75
2024-1-3 19:12:17:237	WT901BLE67(D1376ACA69A3)	-0.364	0.302	0.899	0.732	-0.488	-1.343	20.39	22.55	29.89	-265.108	-143.792	262.508	0.94067	0.11588	0.23080	0.21988	22.2	10080.1.7	75
2024-1-3 19:12:17:351	WT901BLE67(D1376ACA69A3)	-0.377	0.284	0.903	1.465	-0.793	-0.977	20.33	22.54	29.75	-265.108	-143.792	262.508	0.94156	0.11786	0.23065	0.21512	22.2	10080.1.7	75
2024-1-3 19:12:17:442	WT901BLE67(D1376ACA69A3)	-0.356	0.291	0.885	1.526	1.099	-0.793	20.39	22.58	29.65	-265.108	-143.792	262.508	0.94156	0.11786	0.23065	0.21512	22.2	10080.1.7	75
2024-1-3 19:12:17:703	WT901BLE67(D1376ACA69A3)	-0.375	0.269	0.884	2.747	2.869	-0.305	20.52	22.63	29.55	-265.108	-140.492	262.508	0.94156	0.11786	0.23065	0.21512	22.2	10080.1.7	75
2024-1-3 19:12:17:704	WT901BLE67(D1376ACA69A3)	-0.387	0.304	0.885	5.554	4.456	0.000	21.02	22.95	29.64	-265.108	-140.492	262.508	0.94156	0.11786	0.23065	0.21512	22.2	10080.1.7	75
2024-1-3 19:17:4:388	WT901BLE67(D1376ACA69A3)	0.050	0.305	0.890	3.479	1.099	-0.488	21.49	23.20	29.67	-265.108	-140.492	262.508	0.94156	0.11786	0.23065	0.21512	22.2	10080.1.7	75
2024-1-3 19:17:4:480	WT901BLE67(D1376ACA69A3)	-0.352	0.930	-0.749	7.690	-5.432	-13.794	119.55	15.54	-126.13	-265.108	-140.492	262.508	0.94156	0.11786	0.23065	0.21512	22.2	10080.1.7	75
2024-1-3 19:17:4:598	WT901BLE67(D1376ACA69A3)	-0.358	1.017	-0.887	19.165	1.953	-12.695	120.94	16.09	-125.54	-265.108	-140.492	262.508	0.94156	0.11786	0.23065	0.21512	22.2	10080.1.7	75
2024-1-3 19:17:4:661	WT901BLE67(D1376ACA69A3)	-0.250	1.583	-0.305	-15.015	19.043	-7.385	121.29	15.95	-124.24	-265.108	-212.475	262.508	0.94156	0.11786	0.23065	0.21512	22.2	10080.1.7	75
2024-1-3 19:17:4:780	WT901BLE67(D1376ACA69A3)	-0.208	0.486	-0.360	-21.240	16.724	0.427	118.92	15.60	-122.10	-265.108	-212.475	262.508	0.94156	0.11786	0.23065	0.21512	22.2	10080.1.7	75
2024-1-3 19:17:4:898	WT901BLE67(D1376ACA69A3)	-0.375	0.396	-0.379	-18.433	18.311	2.991	117.75	14.66	-120.44	-265.108	-212.475	262.508	0.94156	0.11786	0.23065	0.21512	22.2	10080.1.7	75
2024-1-3 19:17:4:988	WT901BLE67(D1376ACA69A3)	-0.285	0.739	-0.722	1.770	11.353	13.428	117.98	13.25	-119.52	-265.108	-212.475	262.508	0.94156	0.11786	0.23065	0.21512	22.2	10080.1.7	75
2024-1-3 19:17:5:77	WT901BLE67(D1376ACA69A3)	-0.408	0.950	-0.748	28.076	6.836	28.137	119.98	11.10	-119.64	-265.108	-212.475	262.508	0.94156	0.11786	0.23065	0.21512	22.8	10080.1.7	75
2024-1-3 19:17:5:202	WT901BLE67(D1376ACA69A3)	-0.103	1.117	-0.656	6.165	-12.878	-11.108	120.79	11.65	-119.17	-265.108	-212.475	262.508	0.94156	0.11786	0.23065	0.21512	22.8	10080.1.7	75
2024-1-3 19:17:5:264	WT901BLE67(D1376ACA69A3)	-0.052	0.539	-0.343	1.587	-29.175	6.714	119.65	12.52	-122.44	-265.108	-212.475	262.508	0.94156	0.11786	0.23065	0.21512	22.8	10080.1.7	75
2024-1-3 19:17:5:378	WT901BLE67(D1376ACA69A3)	-0.049	0.450	-0.377	-2.502	-25.879	-1.953	119.19	13.65	-124.94	-265.108	-212.475	262.508	0.94156	0.11786	0.23065	0.21512	22.8	10080.1.7	75
2024-1-3 19:17:5:467	WT901BLE67(D1376ACA69A3)	-0.290	1.009	-0.771	4.028	-5.310	-13.611	119.77	14.94	-125.69	-265.108	-212.475	262.508	0.13950	0.44849	-0.73193	-0.49350	22.8	10080.1.7	75
2024-1-3 19:17:5:589	WT901BLE67(D1376ACA69A3)	-0.323	1.069	-0.802	20.996	4.578	-16.968	121.35	16.13	-124.99	-265.108	-212.475	262.508	0.13950	0.44849	-0.73193	-0.49350	22.8	10080.1.7	75
2024-1-3 19:17:5:679	WT901BLE67(D1376ACA69A3)	-0.242	1.401	-0.366	-10.742	15.686	-6.226	121.90	16.24	-123.54	-265.108	-214.358	262.508	0.13950	0.44849	-0.73193	-0.49350	22.8	10080.1.7	75
2024-1-3 19:17:5:798	WT901BLE67(D1376ACA69A3)	-0.216	0.482	-0.362	-15.137	10.559	3.540	119.96	15.73	-122.02	-265.108	-214.358	262.508	0.13950	0.44849	-0.73193	-0.49350	22.8	10080.1.7	75
2024-1-3 19:17:6:101	WT901BLE67(D1376ACA69A3)	-0.278	0.509	-0.418	-15.564	9.094	5.127	118.99	14.84	-121.30	-265.108	-214.358	262.508	0.13647	0.47556	-0.71701	-0.49091	22.8	10080.1.7	75
2024-1-3 19:17:6:101	WT901BLE67(D1376ACA69A3)	-0.313	0.819	-0.787	4.211	8.850	16.724	118.92	13.54	-121.09	-265.108	-214.358	262.508	0.13647	0.47556	-0.71701	-0.49091	22.8	10080.1.7	75
2024-1-3 19:17:6:101	WT901BLE67(D1376ACA69A3)	-0.332	1.054	-0.490	28.320	3.601	28.564	120.81	11.14	-121.46	-265.108	-214.358	262.508	0.13647	0.47556	-0.71701	-0.49091	22.8	10080.1.7	75
2024-1-3 19:40:40:464	WT901BLE67(D1376ACA69A3)	0.051	1.150	-0.679	-0.427	-22.034	3.113	121.64	10.98	-121.72	-265.108	-214.358	262.508	0.15823	0.45511	-0.73788	-0.47250	22.8	10080.1.7	75
2024-1-3 19:40:40:573	WT901BLE67(D1376ACA69A3)	0.051	0.658	-0.754	0.000	0.000	0.000	138.82	-2.92	148.20	-265.108	-214.358	262.508	0.15823	0.45511	-0.73788	-0.47250	22.8	10080.1.7	75
2024-1-3 19:40:40:639	WT901BLE67(D1376ACA69A3)	0.051	0.657	-0.754	0.000	0.000	0.000	138.82	-2.92	148.20	-265.108	-214.358	262.508	0.15823	0.45511	-0.73788	-0.47250	22.8	10080.1.7	75
2024-1-3 19:40:40:754	WT901BLE67(D1376ACA69A3)	0.051	0.657	-0.754	0.000	0.000	0.000	138.82	-2.92	148.20	-265.108	-152.642	262.508	0.15823	0.45511	-0.73788	-0.47250	22.8	10080.1.7	75
2024-1-3 19:40:40:843	WT901BLE67(D1376ACA69A3)	0.051	0.658	-0.754	0.000	0.000	0.000	138.82	-2.92	148.20	-265.108	-152.642	262.508	0.15823	0.45511	-0.73788	-0.47250	22.8	10080.1.7	75
2024-1-3 19:40:40:965	WT901BLE67(D1376ACA69A3)	0.050	0.657	-0.754	0.000	0.000	0.000	138.82	-2.92	148.20	-265.108	-152.642	262.508	0.07330	0.26495	0.89755	0.34460	22.8	10080.1.7	75
2024-1-3 19:40:41:71	WT901BLE67(D1376ACA69A3)	0.050	0.657	-0.755	0.000	0.000	0.000	138.82	-2.92	148.20	-265.108	-152.642	262.508	0.07330	0.26495	0.89755	0.34460	22.8	10080.1.7	75
2024-1-3 19:40:41:172	WT901BLE67(D1376ACA69A3)	0.050	0.658	-0.754	0.000	0.000	0.000	138.82	-2.92	148.20	-265.108	-152.642	262.508	0.07330	0.26495	0.89755	0.34460	22.8	10080.1.7	75
2024-1-3 19:40:41:266	WT901BLE67(D1376ACA69A3)	0.051	0.657	-0.755	0.000	0.000	0.000	138.82	-2.92	148.20	-265.108	-152.642	262.508	0.07330	0.26495	0.89755	0.34460	22.8	10080.1.7	75
2024-1-3 19:40:41:384	WT901BLE67(D1376ACA69A3)	0.051	0.658	-0.754	0.000	0.000	0.000	138.82	-2.92	148.20	-265.108	-152.642	262.508	0.07330	0.26495	0.89755	0.34460	23.4	10080.1.7	75
2024-1-3 19:40:41:444	WT901BLE67(D1376ACA69A3)	0.051	0.657	-0.754	0.000	0.000	0.000	138.82	-2.92	148.20	-265.108	-152.642	262.508	0.07330	0.26495	0.89755	0.34460	23.4	10080.1.7	75
2024-1-3 19:40:41:564	WT901BLE67(D1376ACA69A3)	0.051	0.658	-0.754	0.000	0.000	0.000	138.82	-2.92	148.20	-265.108	-152.642	262.508	0.07330	0.26495	0.89755	0.34460	23.4	10080.1.7	75
2024-1-3 19:40:41:654	WT901BLE67(D1376ACA69A3)	0.051	0.657	-0.755	0.000	0.000	0.000	138.82	-2.92	148.20	-265.108	-152.642	262.508	0.07330	0.26495	0.89755	0.34460	23.4	10080.1.7	75
2024-1-3 19:40:41:774	WT901BLE67(D1376ACA69A3)	0.050	0.657	-0.755	0.000	0.000	0.000	138.82	-2.92	148.20	-265.108	-152.675	262.508	0.07330	0.26495	0.89755	0.34460	23.4	10080.1.7	75
2024-1-3 19:40:41:865	WT901BLE67(D1376ACA69A3)	0.050	0.657	-0.755	0.000	0.000	0.000	138.82	-2.92	148.20	-265.108	-152.675	262.508	0.07330	0.26495	0.89755	0.34460	23.4	10080.1.7	75
2024-1-3 19:40:41:985	WT901BLE67(D1376ACA69A3)	0.051	0.657	-0.754	0.000	0.000	0.000	138.82	-2.92	148.20	-265.108	-152.675	262.508	0.07330	0.26495	0.89752	0.34460	23.4	10080.1.7	75
2024-1-3 19:40:42:75	WT901BLE67(D1376ACA69A3)	0.050	0.659	-0.755	0.000	0.000	0.000	138.82	-2.92	148.20	-265.108	-152.675	262.508	0.07330	0.26495	0.89752	0.34460	23.4	10080.1.7	75
2024-1-3 19:40:42:164	WT901BLE67(D1376ACA69A3)	0.051	0.658	-0.754	0.000	0.000	0.000	138.82	-2.92	148.20	-265.108	-152.667	262.508	0.07330	0.26495	0.89752	0.34460	23.4	10080.1.7	75
2024-1-3 19:40:42:256	WT901BLE67(D1376ACA69A3)	0.051	0.658	-0.755	0.000	0.000	0.000	138.82	-2.92	148.20	-265.108	-152.667	262.508	0.07330	0.26495	0.89752	0.34460	23.4	10080.1.7	75
2024-1-3 19:40:42:374	WT901BLE67(D1376ACA69A3)	0.051	0.657	-0.755	0.000	0.000	0.000	138.82	-2.93	148.20	-265.108	-152.667	262.508	0.07327	0.26495	0.89752	0.34464	23.4	10080.1.7	75
2024-1-3 19:40:42:469	WT901BLE67(D1376ACA69A3)	0.050	0.658	-0.754	0.000	0.000	0.000	138.82	-2.93	148.20	-265.108	-152.667	262.508	0.07327	0.26495	0.89752	0.34464	23.4	10080.1.7	75
2024-1-3 19:40:42:584	WT901BLE67(D1376ACA69A3)	0.052	0.657	-0.754	0.000	0.000	0.000	138.82	-2.93	148.20	-265.108	-152.600	262.508	0.07327	0.26495	0.89752	0.34464	23.4	10080.1.7	75
2024-1-3 19:40:42:675	WT901BLE67(D1376ACA69A3)	0.051	0.657	-0.753	0.000	0.000	0.000	138.82	-2.93	148.20	-265.108	-152.600	262.508	0.07327	0.26495	0.89752	0.34464	23.4	10080.1.7	75
2024-1-3 19:40:42:792	WT901BLE67(D1376ACA69A3)	0.051	0.658	-0.754	0.000	0.000	0.000	138.82	-2.93	148.20	-265.108	-152.600	262.508	0.07327	0.26495	0.89752	0.34464	23.4	10080.1.7	75
2024-1-3 19:40:42:854	WT901BLE67(D1376ACA69A3)	0.051	0.657	-0.755	0.000	0.000	0.000	138.82	-2.93	148.20	-265.108	-152.600	262.508	0.07327	0.26495	0.89752	0.34464	23.4	10080.1.7	75
2024-1-3 19:40:42:973	WT901BLE67(D1376ACA69A3)	0.052	0.658	-0.755	0.000	0.000	0.000	138.82	-2.93	148.20	-265.108	-152.783	262.508	0.07327	0.26495	0.89752	0.34464	23.4	10080.1.7	75
